
                            Matriz a

     2.000    -0.333     0.250    -0.200     0.167    -0.143     0.125    -0.111     0.100    -0.091     0.083    -0.077     0.071    -0.067
    -0.333     3.000    -0.200     0.167    -0.143     0.125    -0.111     0.100    -0.091     0.083    -0.077     0.071    -0.067     0.062
     0.250    -0.200     4.000    -0.143     0.125    -0.111     0.100    -0.091     0.083    -0.077     0.071    -0.067     0.062    -0.059
    -0.200     0.167    -0.143     5.000    -0.111     0.100    -0.091     0.083    -0.077     0.071    -0.067     0.062    -0.059     0.056
     0.167    -0.143     0.125    -0.111     6.000    -0.091     0.083    -0.077     0.071    -0.067     0.062    -0.059     0.056    -0.053
    -0.143     0.125    -0.111     0.100    -0.091     7.000    -0.077     0.071    -0.067     0.062    -0.059     0.056    -0.053     0.050
     0.125    -0.111     0.100    -0.091     0.083    -0.077     8.000    -0.067     0.062    -0.059     0.056    -0.053     0.050    -0.048
    -0.111     0.100    -0.091     0.083    -0.077     0.071    -0.067     9.000    -0.059     0.056    -0.053     0.050    -0.048     0.045
     0.100    -0.091     0.083    -0.077     0.071    -0.067     0.062    -0.059    10.000    -0.053     0.050    -0.048     0.045    -0.043
    -0.091     0.083    -0.077     0.071    -0.067     0.062    -0.059     0.056    -0.053    11.000    -0.048     0.045    -0.043     0.042
     0.083    -0.077     0.071    -0.067     0.062    -0.059     0.056    -0.053     0.050    -0.048    12.000    -0.043     0.042    -0.040
    -0.077     0.071    -0.067     0.062    -0.059     0.056    -0.053     0.050    -0.048     0.045    -0.043    13.000    -0.040     0.038
     0.071    -0.067     0.062    -0.059     0.056    -0.053     0.050    -0.048     0.045    -0.043     0.042    -0.040    14.000    -0.037
    -0.067     0.062    -0.059     0.056    -0.053     0.050    -0.048     0.045    -0.043     0.042    -0.040     0.038    -0.037    15.000


                            Matriz b

                          |    1.0000   |
                          |    0.5000   |
                          |    0.3333   |
                          |    0.2500   |
                          |    0.2000   |
                          |    0.1667   |
                          |    0.1429   |
                          |    0.1250   |
                          |    0.1111   |
                          |    0.1000   |
                          |    0.0909   |
                          |    0.0833   |
                          |    0.0769   |
                          |    0.0714   |

X_        1 =0.537    
X_        2 =0.226    
X_        3 =0.638E-01
X_        4 =0.655E-01
X_        5 =0.243E-01
X_        6 =0.310E-01
X_        7 =0.128E-01
X_        8 =0.180E-01
X_        9 =0.792E-02
X_       10 =0.118E-01
X_       11 =0.538E-02
X_       12 =0.831E-02
X_       13 =0.389E-02
X_       14 =0.617E-02
