 # num. puntos=         100 tol=   9.9999999747524271E-007 yder=   1.0000000000000000     
 # cmin=   130.00000000000000       cmax=   140.00000000000000        Delta_c=   1.0000000000000001E-005
 # (autovalor) k =   137.73256000000001     
   0.0000000000000000        0.0000000000000000        1.0000000000000000     
   1.0000000000000000E-002   2.3995383182204285E-002  0.99999410000000000     
   2.0000000000000000E-002   4.7990262460605886E-002  0.99995089999999998     
   2.9999999999999999E-002   7.1983258098602232E-002  0.99983270000000002     
   4.0000000000000001E-002   9.5972150519919586E-002  0.99960139999999997     
   5.0000000000000003E-002  0.11995377232922681       0.99921910000000003     
   5.9999999999999998E-002  0.14392402030984494       0.99864799999999998     
   7.0000000000000007E-002  0.16787790341458547       0.99785020000000002     
   8.0000000000000002E-002  0.19180956676116967       0.99678800000000001     
   8.9999999999999997E-002  0.21571219565055172       0.99542359999999996     
  0.10000000000000001       0.23957806355775713       0.99371940000000003     
  0.11000000000000000       0.26339867610439788       0.99163820000000003     
  0.12000000000000000       0.28716421916403123       0.98914250000000004     
  0.13000000000000000       0.31086473463769942       0.98619540000000006     
  0.14000000000000001       0.33448870472419834       0.98276010000000003     
  0.14999999999999999       0.35802413171394026       0.97880020000000001     
  0.16000000000000000       0.38145757817218701       0.97427940000000002     
  0.17000000000000001       0.40477584661839217       0.96916210000000003     
  0.17999999999999999       0.42796357998428347       0.96341310000000002     
  0.19000000000000000       0.45100542120158882       0.95699749999999995     
  0.20000000000000001       0.47388505338526882       0.94988119999999998     
  0.20999999999999999       0.49658519983351740       0.94203070000000000     
  0.22000000000000000       0.51908786398195295       0.93341310000000000     
  0.23000000000000001       0.54137408944942711       0.92399629999999999     
  0.23999999999999999       0.56342443994640767       0.91374909999999998     
  0.25000000000000000       0.58521875932078737       0.90264129999999998     
  0.26000000000000001       0.60673593160369199       0.89064350000000003     
  0.27000000000000002       0.62795412096367209       0.87772749999999999     
  0.28000000000000003       0.64885125161508606       0.86386620000000003     
  0.28999999999999998       0.66940404800133402       0.84903390000000001     
  0.29999999999999999       0.68958899461162426       0.83320609999999995     
  0.31000000000000000       0.70938209602678126       0.81635970000000002     
  0.32000000000000001       0.72875863696505450       0.79847310000000005     
  0.33000000000000002       0.74769294232792616       0.77952639999999995     
  0.34000000000000002       0.76616005687945421       0.75950130000000005     
  0.34999999999999998       0.78413334570435400       0.73838139999999997     
  0.35999999999999999       0.80158665379572436       0.71615200000000001     
  0.37000000000000000       0.81849310628408867       0.69280059999999999     
  0.38000000000000000       0.83482582829997087       0.66831649999999998     
  0.39000000000000001       0.85055698515712752       0.64269129999999997     
  0.40000000000000002       0.86565994194027374       0.61591890000000005     
  0.40999999999999998       0.88010638405478314       0.58799539999999995     
  0.41999999999999998       0.89386895672279532       0.55891950000000001     
  0.42999999999999999       0.90692006521225899       0.52869219999999995     
  0.44000000000000000       0.91923211479112232       0.49731730000000002     
  0.45000000000000001       0.93077775068152568       0.46480110000000002     
  0.46000000000000002       0.94152937815141713       0.43115290000000001     
  0.46999999999999997       0.95146012233132049       0.39638469999999998     
  0.47999999999999998       0.96054334830595101       0.36051139999999998     
  0.48999999999999999       0.96875266111421598       0.32355099999999998     
  0.50000000000000000       0.97606238565759762       0.28552450000000001     
  0.51000000000000001       0.98244684683757855       0.24645600000000001     
  0.52000000000000002       0.98788180928079150       0.20637280000000000     
  0.53000000000000003       0.99234303761386944       0.16530539999999999     
  0.54000000000000004       0.99580725628021216       0.12328770000000000     
  0.55000000000000004       0.99825238949417860        8.0356830000000004E-002
  0.56000000000000005       0.99965684137851085        3.6553259999999997E-002
  0.56999999999999995       0.99999997587271816       -8.0791390000000008E-003
  0.57999999999999996       0.99926283659565196       -5.3493100000000002E-002
  0.58999999999999997       0.99742694707454715       -9.9637959999999998E-002
  0.59999999999999998       0.99447575047017289      -0.14645960000000000     
  0.60999999999999999       0.99039340980587365      -0.19390060000000001     
  0.62000000000000000       0.98516576778433551      -0.24190010000000001     
  0.63000000000000000       0.97878034678758763      -0.29039379999999998     
  0.64000000000000001       0.97122610892280936      -0.33931430000000001     
  0.65000000000000002       0.96249345602233038      -0.38859050000000001     
  0.66000000000000003       0.95257494950620636      -0.43814860000000000     
  0.67000000000000004       0.94146483047383545      -0.48791129999999999     
  0.68000000000000005       0.92915877974976591      -0.53779820000000000     
  0.68999999999999995       0.91565511765465546      -0.58772619999999998     
  0.69999999999999996       0.90095360423431237      -0.63760890000000003     
  0.70999999999999996       0.88505663903065424      -0.68735749999999995     
  0.71999999999999997       0.86796854121913258      -0.73688030000000004     
  0.72999999999999998       0.84969578956292480      -0.78608319999999998     
  0.73999999999999999       0.83024726236712554      -0.83486970000000005     
  0.75000000000000000       0.80963375757036393      -0.88314099999999995     
  0.76000000000000001       0.78786943246995333      -0.93079639999999997     
  0.77000000000000002       0.76496988408835775      -0.97773330000000003     
  0.78000000000000003       0.74095382885253391       -1.0238470000000000     
  0.79000000000000004       0.71584190282297266       -1.0690329999999999     
  0.80000000000000004       0.68965834137304105       -1.1131830000000000     
  0.81000000000000005       0.66242857964706481       -1.1561900000000001     
  0.81999999999999995       0.63418165210224620       -1.1979450000000000     
  0.82999999999999996       0.60494899273770497       -1.2383379999999999     
  0.83999999999999997       0.57476467504867002       -1.2772610000000000     
  0.84999999999999998       0.54366493211809619       -1.3146040000000001     
  0.85999999999999999       0.51168911643343085       -1.3502580000000000     
  0.87000000000000000       0.47887921997823091       -1.3841150000000000     
  0.88000000000000000       0.44527963427797085       -1.4160670000000000     
  0.89000000000000001       0.41093715040004242       -1.4460080000000000     
  0.90000000000000002       0.37590143886213861       -1.4738350000000000     
  0.91000000000000003       0.34022432976967820       -1.4994430000000001     
  0.92000000000000004       0.30396029272418906       -1.5227329999999999     
  0.93000000000000005       0.26716643682330865       -1.5436080000000001     
  0.93999999999999995       0.22990140687150140       -1.5619719999999999     
  0.94999999999999996       0.19222684710062873       -1.5777330000000001     
  0.95999999999999996       0.15420617740357104       -1.5908050000000000     
  0.96999999999999997       0.11590497726093452       -1.6011029999999999     
  0.97999999999999998        7.7390721791440242E-002  -1.6085490000000000     
  0.98999999999999999        3.8732781751924052E-002  -1.6130670000000000     
   1.0000000000000000        2.2742779109497388E-006  -1.6145870000000000     
