 # num. puntos=         100 tol=   9.9999999747524271E-007 yder=   1.0000000000000000     
 # cmin=   430.00000000000000       cmax=   440.00000000000000        Delta_c=   1.0000000000000001E-005
 # (autovalor) k =   435.18795999999998     
    0.0000000E+00    0.0000000E+00    0.1000000E+01
    0.1000000E-01    0.9999855E-02    0.9999407E+00
    0.2000000E-01    0.1999758E-01    0.9995101E+00
    0.3000000E-01    0.2998756E-01    0.9983299E+00
    0.4000000E-01    0.3996042E-01    0.9960223E+00
    0.5000000E-01    0.4990299E-01    0.9922111E+00
    0.6000000E-01    0.5979838E-01    0.9865231E+00
    0.7000000E-01    0.6962597E-01    0.9785895E+00
    0.8000000E-01    0.7936148E-01    0.9680482E+00
    0.9000000E-01    0.8897706E-01    0.9545454E+00
    0.1000000E+00    0.9844137E-01    0.9377389E+00
    0.1100000E+00    0.1077197E+00    0.9173005E+00
    0.1200000E+00    0.1167742E+00    0.8929198E+00
    0.1300000E+00    0.1255640E+00    0.8643071E+00
    0.1400000E+00    0.1340454E+00    0.8311973E+00
    0.1500000E+00    0.1421722E+00    0.7933539E+00
    0.1600000E+00    0.1498960E+00    0.7505733E+00
    0.1700000E+00    0.1571666E+00    0.7026885E+00
    0.1800000E+00    0.1639323E+00    0.6495739E+00
    0.1900000E+00    0.1701404E+00    0.5911493E+00
    0.2000000E+00    0.1757375E+00    0.5273843E+00
    0.2100000E+00    0.1806703E+00    0.4583021E+00
    0.2200000E+00    0.1848861E+00    0.3839842E+00
    0.2300000E+00    0.1883330E+00    0.3045731E+00
    0.2400000E+00    0.1909612E+00    0.2202765E+00
    0.2500000E+00    0.1927232E+00    0.1313696E+00
    0.2600000E+00    0.1935744E+00    0.3819770E-01
    0.2700000E+00    0.1934743E+00   -0.5882197E-01
    0.2800000E+00    0.1923868E+00   -0.1591994E+00
    0.2900000E+00    0.1902810E+00   -0.2623713E+00
    0.3000000E+00    0.1871321E+00   -0.3677020E+00
    0.3100000E+00    0.1829221E+00   -0.4744846E+00
    0.3200000E+00    0.1776402E+00   -0.5819441E+00
    0.3300000E+00    0.1712837E+00   -0.6892404E+00
    0.3400000E+00    0.1638589E+00   -0.7954737E+00
    0.3500000E+00    0.1553810E+00   -0.8996902E+00
    0.3600000E+00    0.1458751E+00   -0.1000889E+01
    0.3700000E+00    0.1353767E+00   -0.1098032E+01
    0.3800000E+00    0.1239316E+00   -0.1190052E+01
    0.3900000E+00    0.1115964E+00   -0.1275862E+01
    0.4000000E+00    0.9843867E-01   -0.1354373E+01
    0.4100000E+00    0.8453688E-01   -0.1424500E+01
    0.4200000E+00    0.6998018E-01   -0.1485180E+01
    0.4300000E+00    0.5486820E-01   -0.1535388E+01
    0.4400000E+00    0.3931060E-01   -0.1574149E+01
    0.4500000E+00    0.2342644E-01   -0.1600555E+01
    0.4600000E+00    0.7343450E-02   -0.1613785E+01
    0.4700000E+00   -0.8802902E-02   -0.1613117E+01
    0.4800000E+00   -0.2487051E-01   -0.1597947E+01
    0.4900000E+00   -0.4071189E-01   -0.1567804E+01
    0.5000000E+00   -0.5617556E-01   -0.1522366E+01
    0.5100000E+00   -0.7110765E-01   -0.1461475E+01
    0.5200000E+00   -0.8535355E-01   -0.1385147E+01
    0.5300000E+00   -0.9875977E-01   -0.1293589E+01
    0.5400000E+00   -0.1111759E+00   -0.1187203E+01
    0.5500000E+00   -0.1224564E+00   -0.1066596E+01
    0.5600000E+00   -0.1324630E+00   -0.9325860E+00
    0.5700000E+00   -0.1410668E+00   -0.7862011E+00
    0.5800000E+00   -0.1481499E+00   -0.6286805E+00
    0.5900000E+00   -0.1536081E+00   -0.4614698E+00
    0.6000000E+00   -0.1573524E+00   -0.2862126E+00
    0.6100000E+00   -0.1593116E+00   -0.1047395E+00
    0.6200000E+00   -0.1594331E+00    0.8094719E-01
    0.6300000E+00   -0.1576857E+00    0.2686926E+00
    0.6400000E+00   -0.1540600E+00    0.4562119E+00
    0.6500000E+00   -0.1485702E+00    0.6411164E+00
    0.6600000E+00   -0.1412546E+00    0.8209438E+00
    0.6700000E+00   -0.1321766E+00    0.9931907E+00
    0.6800000E+00   -0.1214245E+00    0.1155348E+01
    0.6900000E+00   -0.1091115E+00    0.1304942E+01
    0.7000000E+00   -0.9537556E-01    0.1439568E+01
    0.7100000E+00   -0.8037774E-01    0.1556940E+01
    0.7200000E+00   -0.6430143E-01    0.1654928E+01
    0.7300000E+00   -0.4735031E-01    0.1731599E+01
    0.7400000E+00   -0.2974622E-01    0.1785263E+01
    0.7500000E+00   -0.1172652E-01    0.1814512E+01
    0.7600000E+00    0.6458883E-02    0.1818251E+01
    0.7700000E+00    0.2455091E-01    0.1795744E+01
    0.7800000E+00    0.4228496E-01    0.1746631E+01
    0.7900000E+00    0.5939491E-01    0.1670966E+01
    0.8000000E+00    0.7561724E-01    0.1569224E+01
    0.8100000E+00    0.9069541E-01    0.1442324E+01
    0.8200000E+00    0.1043843E+00    0.1291628E+01
    0.8300000E+00    0.1164546E+00    0.1118943E+01
    0.8400000E+00    0.1266972E+00    0.9265065E+00
    0.8500000E+00    0.1349276E+00    0.7169703E+00
    0.8600000E+00    0.1409896E+00    0.4933715E+00
    0.8700000E+00    0.1447594E+00    0.2590959E+00
    0.8800000E+00    0.1461482E+00    0.1783264E-01
    0.8900000E+00    0.1451058E+00   -0.2264798E+00
    0.9000000E+00    0.1416222E+00   -0.4697146E+00
    0.9100000E+00    0.1357293E+00   -0.7076249E+00
    0.9200000E+00    0.1275018E+00   -0.9359185E+00
    0.9300000E+00    0.1170572E+00   -0.1150336E+01
    0.9400000E+00    0.1045552E+00   -0.1346736E+01
    0.9500000E+00    0.9019576E-01   -0.1521174E+01
    0.9600000E+00    0.7421718E-01   -0.1669994E+01
    0.9700000E+00    0.5689237E-01   -0.1789907E+01
    0.9800000E+00    0.3852501E-01   -0.1878073E+01
    0.9900000E+00    0.1944461E-01   -0.1932176E+01
    0.1000000E+01    0.9718843E-06   -0.1950488E+01
