 # x         y        
  0.386636376      0.486508697    
   6.34751022E-02  -3.34556997E-02
 -0.502098560       7.80579150E-02
 -0.599701881     -0.352791369    
 -0.213144094     -0.640225828    
  0.166704863     -0.483802050    
 -0.219412148     -0.329648912    
 -0.693696976     -0.269158661    
 -0.449027300      0.103405267    
 -0.546662033     -0.358164877    
 -0.894330025     -0.167756289    
 -0.653238356      0.159820080    
 -0.433647156     -0.193011969    
 -0.394886732     -0.596132874    
 -0.713407040     -0.552381456    
 -0.507869065     -0.836385787    
 -0.747729182      -1.04359686    
 -0.542990506     -0.851808429    
 -0.663633347      -1.11579943    
 -0.768401325      -1.33363116    
 -0.642598629      -1.06157482    
 -0.886588573      -1.00096202    
 -0.800813019     -0.808080912    
 -0.782685578      -1.07589149    
 -0.701690614      -1.29777467    
 -0.896270871      -1.39741647    
 -0.827802956      -1.21127129    
 -0.786265194     -0.997710943    
 -0.778724432     -0.810968935    
 -0.800929606     -0.974689066    
 -0.623132110     -0.894286275    
 -0.704429567      -1.05252612    
 -0.759379923     -0.917155266    
 -0.771199107     -0.746051431    
 -0.819190443     -0.605509520    
 -0.770364165     -0.458033383    
 -0.786512136     -0.585453629    
 -0.750599623     -0.474950314    
 -0.840411186     -0.554053009    
 -0.876877666     -0.663183749    
 -0.746995568     -0.716158926    
 -0.636528671     -0.641478539    
 -0.527563870     -0.583413601    
 -0.460043788     -0.681387424    
 -0.547981560     -0.638886869    
 -0.566655993     -0.730266154    
 -0.593293428     -0.641811132    
 -0.516823947     -0.604507923    
 -0.566622138     -0.534426808    
 -0.568378329     -0.437130600    
 -0.571048677     -0.510011971    
 -0.515936136     -0.458824962    
 -0.430824578     -0.449504703    
 -0.473283023     -0.498242259    
 -0.426083654     -0.458217889    
 -0.354075611     -0.434711456    
 -0.387458980     -0.498094857    
 -0.349137008     -0.455772668    
 -0.361338586     -0.400373697    
 -0.313928723     -0.430243760    
 -0.330060840     -0.478593946    
 -0.270406008     -0.469025910    
 -0.275168300     -0.519202709    
 -0.298218668     -0.472614586    
 -0.258034140     -0.462454855    
 -0.287940770     -0.498658508    
 -0.330722094     -0.502389610    
 -0.369024038     -0.519658864    
 -0.407544822     -0.505779624    
 -0.449990630     -0.487838656    
 -0.422702521     -0.516199648    
 -0.414462894     -0.552152157    
 -0.398941338     -0.521451354    
 -0.413964719     -0.554150581    
 -0.422953784     -0.527384996    
 -0.450992733     -0.516550958    
 -0.447372884     -0.487983316    
 -0.426502377     -0.465993613    
 -0.417237014     -0.443656951    
 -0.424731970     -0.471965849    
 -0.437149495     -0.447404563    
 -0.419879079     -0.433713168    
 -0.394191056     -0.426238388    
 -0.369702935     -0.431020409    
 -0.390204519     -0.414800912    
 -0.402687430     -0.395370483    
 -0.425459236     -0.395043164    
 -0.442765623     -0.396363229    
 -0.424980581     -0.400149286    
 -0.430044949     -0.417748719    
 -0.449537337     -0.414405167    
 -0.436236411     -0.421919525    
 -0.437420338     -0.436310470    
 -0.446379066     -0.447397560    
 -0.433450013     -0.459543973    
 -0.430723399     -0.473974586    
 -0.432399690     -0.486401051    
 -0.429813623     -0.473499805    
 -0.416381210     -0.471167296    
 -0.409859806     -0.462916970    
 -0.420055002     -0.455262631    
 -0.416808665     -0.445544481    
 -0.414741635     -0.433439285    
 -0.422852993     -0.441329420    
 -0.413814455     -0.438883185    
 -0.421822548     -0.431025296    
 -0.418831766     -0.421168655    
 -0.409679145     -0.426421553    
 -0.399897039     -0.425896943    
 -0.396944880     -0.434007078    
 -0.399952829     -0.427625597    
 -0.402880043     -0.421099573    
 -0.399343699     -0.415048867    
 -0.405700386     -0.417939007    
 -0.406455129     -0.411863744    
 -0.402746439     -0.416928291    
 -0.397109509     -0.416497648    
 -0.398392707     -0.409726322    
 -0.398660034     -0.415583313    
 -0.398476541     -0.408959419    
 -0.395006269     -0.405147523    
 -0.400680900     -0.405646414    
 -0.399106592     -0.400318593    
 -0.401138693     -0.405112237    
 -0.405552566     -0.405829817    
 -0.410212249     -0.407778084    
 -0.406422973     -0.404940993    
 -0.410570592     -0.404839158    
 -0.410044372     -0.400635958    
 -0.413725317     -0.401448667    
 -0.413192153     -0.397706717    
 -0.411049098     -0.400134712    
 -0.411256969     -0.403221279    
 -0.409293860     -0.399947256    
 -0.412577838     -0.401129186    
 -0.415199012     -0.402992278    
 -0.412364691     -0.400931358    
 -0.410319418     -0.403450787    
 -0.411429435     -0.406308562    
 -0.409390926     -0.407944381    
 -0.411006540     -0.409910113    
 -0.410794467     -0.407614440    
 -0.409410179     -0.406145930    
 -0.407890737     -0.404402137    
 -0.409836948     -0.405877143    
 -0.410562038     -0.407571882    
 -0.411883295     -0.409131497    
 -0.410487950     -0.407734692    
 -0.409283251     -0.409317523    
 -0.410728544     -0.409971744    
 -0.410161048     -0.411345214    
 -0.411678910     -0.410603195    
 -0.413007647     -0.410995722    
 -0.412109435     -0.409648150    
 -0.413476735     -0.408589125    
 -0.412814468     -0.407557666    
 -0.412286907     -0.406156838    
 -0.411314368     -0.406901062    
 -0.410000443     -0.406244278    
 -0.408636838     -0.405943900    
 -0.409721524     -0.406032652    
 -0.409363985     -0.404769331    
 -0.410266519     -0.404311031    
 -0.409077466     -0.404165506    
 -0.409963429     -0.403886706    
 -0.409570128     -0.404901713    
 -0.409591109     -0.405994684    
 -0.409997165     -0.405217290    
 -0.409839571     -0.404306889    
 -0.409167320     -0.403787076    
 -0.408414394     -0.404063642    
 -0.408052176     -0.404839963    
 -0.408532202     -0.404152304    
 -0.407803595     -0.403921634    
 -0.407802194     -0.403307408    
 -0.408402950     -0.402950287    
 -0.408964306     -0.403184623    
 -0.409571052     -0.403297961    
 -0.409020007     -0.403291464    
 -0.409309894     -0.402871430    
 -0.409638017     -0.403342426    
 -0.409072638     -0.403142899    
 -0.409405380     -0.403516769    
 -0.409196138     -0.403151453    
 -0.409588873     -0.403013408    
 -0.409931391     -0.403291345    
 -0.409759670     -0.403714836    
 -0.409934402     -0.403320581    
 -0.410232335     -0.403607577    
 -0.410417348     -0.403230727    
 -0.410369247     -0.402828276    
 -0.410180420     -0.403103232    
 -0.410543054     -0.403059512    
 -0.410266757     -0.403223366    
 -0.410261631     -0.402930677    
 -0.410556644     -0.402787596    
 -0.410291106     -0.403003097    
 -0.410046220     -0.402924895    
 -0.409820914     -0.402776241    
 -0.409641713     -0.402910441    
 -0.409677655     -0.402616352    
 -0.409539431     -0.402400762    
 -0.409482479     -0.402652353    
 -0.409398884     -0.402474314    
 -0.409420490     -0.402281642    
 -0.409578830     -0.402192712    
 -0.409767568     -0.402186573    
 -0.409778088     -0.402399331    
 -0.409757763     -0.402609676    
 -0.409735352     -0.402456820    
 -0.409713328     -0.402294457    
 -0.409756660     -0.402111888    
 -0.409893304     -0.402160138    
 -0.409997463     -0.402302474    
 -0.410135716     -0.402308643    
 -0.410113126     -0.402155966    
 -0.410104126     -0.402304560    
 -0.410125941     -0.402162999    
 -0.410104543     -0.402286679    
 -0.410204500     -0.402200013    
 -0.410313129     -0.402151138    
 -0.410395384     -0.402206153    
 -0.410383224     -0.402097315    
 -0.410380036     -0.401991278    
 -0.410292029     -0.401969999    
 -0.410313725     -0.401890904    
 -0.410228819     -0.401842654    
 -0.410272092     -0.401934624    
 -0.410359383     -0.401947200    
 -0.410319299     -0.402019709    
 -0.410373032     -0.402085632    
 -0.410304189     -0.402078509    
 -0.410364002     -0.402121127    
 -0.410414308     -0.402060837    
 -0.410447776     -0.401993543    
 -0.410398602     -0.401960939    
 -0.410336673     -0.401933372    
 -0.410323948     -0.401877493    
 -0.410373926     -0.401842475    
 -0.410324633     -0.401835144    
 -0.410369009     -0.401855826    
 -0.410378873     -0.401802242    
 -0.410390973     -0.401848495    
 -0.410345763     -0.401864827    
 -0.410301328     -0.401845694    
 -0.410320759     -0.401888192    
 -0.410318792     -0.401932418    
 -0.410294473     -0.401960403    
 -0.410296768     -0.401926219    
 -0.410323232     -0.401901394    
 -0.410338700     -0.401940584    
 -0.410333574     -0.401980430    
 -0.410359085     -0.401997745    
 -0.410335958     -0.402015448    
 -0.410324603     -0.402049214    
 -0.410343587     -0.402069867    
 -0.410322100     -0.402055949    
 -0.410318255     -0.402031898    
 -0.410315543     -0.402007729    
 -0.410303086     -0.402029663    
 -0.410312444     -0.402005762    
 -0.410311639     -0.401982635    
 -0.410325110     -0.401996464    
 -0.410330653     -0.401977718    
 -0.410312563     -0.401979983    
 -0.410329163     -0.401992083    
 -0.410309911     -0.401994497    
 -0.410293490     -0.401985675    
 -0.410285741     -0.402002752    
 -0.410267323     -0.402007550    
 -0.410257012     -0.402019411    
 -0.410250038     -0.402004987    
 -0.410240144     -0.401994050    
 -0.410245270     -0.401979387    
 -0.410238087     -0.401968360    
 -0.410228580     -0.401956260    
 -0.410238773     -0.401945114    
 -0.410239577     -0.401932716    
 -0.410245836     -0.401941717    
 -0.410247058     -0.401928306    
 -0.410244405     -0.401939899    
 -0.410247654     -0.401951998    
 -0.410237938     -0.401954114    
 -0.410231590     -0.401944220    
 -0.410237670     -0.401953816    
 -0.410244197     -0.401947856    
 -0.410236537     -0.401951015    
 -0.410244107     -0.401954502    
 -0.410238802     -0.401960701    
 -0.410241932     -0.401968867    
 -0.410242707     -0.401976615    
 -0.410248458     -0.401979268    
 -0.410255253     -0.401981115    
 -0.410259932     -0.401976198    
 -0.410256386     -0.401969701    
 -0.410250217     -0.401970088    
 -0.410251379     -0.401977152    
 -0.410249233     -0.401981890    
 -0.410252035     -0.401976377    
 -0.410255283     -0.401979923    
 -0.410256326     -0.401984692    
 -0.410251498     -0.401985496    
 -0.410247356     -0.401988208    
 -0.410247415     -0.401993573    
 -0.410245329     -0.401997179    
 -0.410245925     -0.401993394    
 -0.410250783     -0.401994199    
 -0.410247236     -0.401992857    
 -0.410246372     -0.401996076    
 -0.410244912     -0.401993155    
 -0.410241991     -0.401990712    
 -0.410239726     -0.401993901    
 -0.410240591     -0.401997030    
 -0.410243839     -0.401997119    
 -0.410246640     -0.401998043    
 -0.410246283     -0.402001411    
 -0.410248667     -0.401999265    
 -0.410250723     -0.401997685    
 -0.410248369     -0.401998609    
 -0.410248399     -0.401996434    
 -0.410249740     -0.401998252    
 -0.410251677     -0.401996344    
 -0.410250902     -0.401994377    
 -0.410251826     -0.401996553    
 -0.410253108     -0.401994616    
 -0.410251439     -0.401993752    
 -0.410252512     -0.401995748    
 -0.410253793     -0.401994467    
 -0.410254836     -0.401995838    
 -0.410256386     -0.401995629    
 -0.410257667     -0.401994616    
 -0.410257548     -0.401992977    
 -0.410256863     -0.401991665    
 -0.410255760     -0.401990652    
 -0.410254925     -0.401989400    
 -0.410253555     -0.401989788    
 -0.410252929     -0.401991010    
 -0.410253733     -0.401991934    
 -0.410255104     -0.401991606    
 -0.410256147     -0.401991099    
 -0.410257101     -0.401991963    
 -0.410256624     -0.401991159    
 -0.410256565     -0.401989967    
 -0.410257131     -0.401989341    
 -0.410257965     -0.401990116    
 -0.410258561     -0.401989549    
 -0.410258174     -0.401990235    
 -0.410258800     -0.401989847    
 -0.410258144     -0.401990414    
 -0.410257339     -0.401989996    
 -0.410258025     -0.401990205    
 -0.410258681     -0.401990116    
 -0.410258353     -0.401989341    
 -0.410257608     -0.401989639    
 -0.410257846     -0.401989043    
 -0.410258472     -0.401988894    
 -0.410258859     -0.401988417    
 -0.410258830     -0.401989013    
 -0.410258383     -0.401988536    
 -0.410258800     -0.401988328    
 -0.410259247     -0.401988655    
 -0.410259306     -0.401989102    
 -0.410259604     -0.401989549    
 -0.410259604     -0.401989043    
 -0.410259783     -0.401988566    
 -0.410259902     -0.401988953    
 -0.410259455     -0.401988894    
 -0.410259217     -0.401988596    
 -0.410259187     -0.401988238    
 -0.410259485     -0.401988059    
 -0.410259277     -0.401988357    
 -0.410259128     -0.401988000    
 -0.410258919     -0.401988298    
 -0.410259277     -0.401988298    
 -0.410258949     -0.401988298    
 -0.410259187     -0.401988417    
 -0.410259306     -0.401988685    
 -0.410259515     -0.401988894    
 -0.410259604     -0.401988655    
 -0.410259753     -0.401988447    
 -0.410259962     -0.401988626    
 -0.410260171     -0.401988566    
 -0.410260051     -0.401988417    
 -0.410259873     -0.401988238    
 -0.410259932     -0.401988000    
 -0.410259694     -0.401988000    
 -0.410259515     -0.401987970    
 -0.410259724     -0.401988029    
 -0.410259724     -0.401988208    
 -0.410259902     -0.401988298    
 -0.410260051     -0.401988208    
 -0.410259962     -0.401988328    
 -0.410259932     -0.401988447    
 -0.410259873     -0.401988566    
 -0.410259753     -0.401988477    
 -0.410259843     -0.401988566    
 -0.410259902     -0.401988447    
 -0.410259992     -0.401988357    
 -0.410260111     -0.401988357    
 -0.410260111     -0.401988477    
 -0.410260141     -0.401988387    
 -0.410260081     -0.401988477    
 -0.410260051     -0.401988387    
 -0.410259962     -0.401988447    
 -0.410259843     -0.401988417    
 -0.410259753     -0.401988477    
 -0.410259843     -0.401988477    
 -0.410259932     -0.401988447    
 -0.410259962     -0.401988387    
 -0.410259902     -0.401988447    
 -0.410259962     -0.401988477    
 -0.410260022     -0.401988506    
 -0.410260081     -0.401988506    
 -0.410260051     -0.401988447    
 -0.410260051     -0.401988387    
 -0.410259992     -0.401988357    
 -0.410259962     -0.401988417    
 -0.410259902     -0.401988447    
 -0.410259843     -0.401988447    
 -0.410259843     -0.401988506    
 -0.410259783     -0.401988477    
 -0.410259843     -0.401988477    
 -0.410259843     -0.401988536    
 -0.410259813     -0.401988566    
 -0.410259813     -0.401988596    
 -0.410259843     -0.401988626    
 -0.410259873     -0.401988596    
 -0.410259902     -0.401988566    
 -0.410259932     -0.401988536    
 -0.410259902     -0.401988536    
 -0.410259932     -0.401988506    
 -0.410259932     -0.401988536    
 -0.410259932     -0.401988506    
 -0.410259932     -0.401988477    
 -0.410259962     -0.401988477    
 -0.410259992     -0.401988506    
 -0.410259992     -0.401988536    
 -0.410260022     -0.401988506    
 -0.410259992     -0.401988536    
 -0.410259992     -0.401988566    
 -0.410259992     -0.401988536    
 -0.410259962     -0.401988536    
 -0.410259992     -0.401988566    
 -0.410259962     -0.401988566    
 -0.410259962     -0.401988566    
 -0.410259992     -0.401988566    
 -0.410259992     -0.401988596    
 -0.410259962     -0.401988596    
 -0.410259992     -0.401988596    
 -0.410260022     -0.401988596    
 -0.410259992     -0.401988596    
 -0.410259992     -0.401988596    
 -0.410259992     -0.401988596    
 -0.410259992     -0.401988596    
 -0.410259992     -0.401988596    
 -0.410259992     -0.401988596    
 -0.410259992     -0.401988596    
 -0.410259992     -0.401988596    
 -0.410259992     -0.401988596    
 -0.410259992     -0.401988596    
 -0.410259992     -0.401988596    
 -0.410259992     -0.401988596    
 -0.410259992     -0.401988596    
 -0.410259992     -0.401988596    
 -0.410259992     -0.401988596    
 -0.410259992     -0.401988596    
 -0.410259992     -0.401988596    
 -0.410259992     -0.401988596    
 -0.410259992     -0.401988596    
 -0.410259992     -0.401988596    
 -0.410259992     -0.401988596    
 -0.410259992     -0.401988596    
 -0.410259992     -0.401988596    
 -0.410259992     -0.401988596    
 -0.410259992     -0.401988596    
 -0.410259992     -0.401988596    
 -0.410259992     -0.401988596    
 -0.410259992     -0.401988596    
 -0.410259992     -0.401988596    
 -0.410259992     -0.401988596    
 -0.410259992     -0.401988596    
 -0.410259992     -0.401988596    
 -0.410259992     -0.401988596    
 -0.410259992     -0.401988596    
 -0.410259992     -0.401988596    
 -0.410259992     -0.401988596    
 -0.410259992     -0.401988596    
 -0.410259992     -0.401988596    
 -0.410259992     -0.401988596    
 -0.410259992     -0.401988596    
 -0.410259992     -0.401988596    
 -0.410259992     -0.401988596    
 -0.410259992     -0.401988596    
 -0.410259992     -0.401988596    
 -0.410259992     -0.401988596    
 -0.410259992     -0.401988596    
 -0.410259992     -0.401988596    
 -0.410259992     -0.401988596    
 -0.410259992     -0.401988596    
 -0.410259992     -0.401988596    
 -0.410259992     -0.401988596    
 -0.410259992     -0.401988596    
 -0.410259992     -0.401988596    
 -0.410259992     -0.401988596    
 -0.410259992     -0.401988596    
 -0.410259992     -0.401988596    
 -0.410259992     -0.401988596    
 -0.410259992     -0.401988596    
 -0.410259992     -0.401988596    
 -0.410259992     -0.401988596    
 -0.410259992     -0.401988596    
 -0.410259992     -0.401988596    
 -0.410259992     -0.401988596    
 -0.410259992     -0.401988596    
 -0.410259992     -0.401988596    
 -0.410259992     -0.401988596    
 -0.410259992     -0.401988596    
 -0.410259992     -0.401988596    
 -0.410259992     -0.401988596    
 -0.410259992     -0.401988596    
 -0.410259992     -0.401988596    
 -0.410259992     -0.401988596    
 -0.410259992     -0.401988596    
 -0.410259992     -0.401988596    
 -0.410259992     -0.401988596    
 -0.410259992     -0.401988596    
 -0.410259992     -0.401988596    
 -0.410259992     -0.401988596    
 -0.410259992     -0.401988596    
 -0.410259992     -0.401988596    
 -0.410259992     -0.401988596    
 -0.410259992     -0.401988596    
 -0.410259992     -0.401988596    
 -0.410259992     -0.401988596    
 -0.410259992     -0.401988596    
 -0.410259992     -0.401988596    
 -0.410259992     -0.401988596    
 -0.410259992     -0.401988596    
 -0.410259992     -0.401988596    
 -0.410259992     -0.401988596    
 -0.410259992     -0.401988596    
 -0.410259992     -0.401988596    
 -0.410259992     -0.401988596    
 -0.410259992     -0.401988596    
 -0.410259992     -0.401988596    
 -0.410259992     -0.401988596    
 -0.410259992     -0.401988596    
 -0.410259992     -0.401988596    
 -0.410259992     -0.401988596    
 -0.410259992     -0.401988596    
 -0.410259992     -0.401988596    
 -0.410259992     -0.401988596    
 -0.410259992     -0.401988596    
 -0.410259992     -0.401988596    
 -0.410259992     -0.401988596    
 -0.410259992     -0.401988596    
 -0.410259992     -0.401988596    
 -0.410259992     -0.401988596    
 -0.410259992     -0.401988596    
 -0.410259992     -0.401988596    
 -0.410259992     -0.401988596    
 -0.410259992     -0.401988596    
 -0.410259992     -0.401988596    
 -0.410259992     -0.401988596    
 -0.410259992     -0.401988596    
 -0.410259992     -0.401988596    
 -0.410259992     -0.401988596    
 -0.410259992     -0.401988596    
 -0.410259992     -0.401988596    
 -0.410259992     -0.401988596    
 -0.410259992     -0.401988596    
 -0.410259992     -0.401988596    
 -0.410259992     -0.401988596    
 -0.410259992     -0.401988596    
 -0.410259992     -0.401988596    
 -0.410259992     -0.401988596    
 -0.410259992     -0.401988596    
 -0.410259992     -0.401988596    
 -0.410259992     -0.401988596    
 -0.410259992     -0.401988596    
 -0.410259992     -0.401988596    
 -0.410259992     -0.401988596    
 -0.410259992     -0.401988596    
 -0.410259992     -0.401988596    
 -0.410259992     -0.401988596    
 -0.410259992     -0.401988596    
 -0.410259992     -0.401988596    
 -0.410259992     -0.401988596    
 -0.410259992     -0.401988596    
 -0.410259992     -0.401988596    
 -0.410259992     -0.401988596    
 -0.410259992     -0.401988596    
 -0.410259992     -0.401988596    
 -0.410259992     -0.401988596    
 -0.410259992     -0.401988596    
 -0.410259992     -0.401988596    
 -0.410259992     -0.401988596    
 -0.410259992     -0.401988596    
 -0.410259992     -0.401988596    
 -0.410259992     -0.401988596    
 -0.410259992     -0.401988596    
 -0.410259992     -0.401988596    
 -0.410259992     -0.401988596    
 -0.410259992     -0.401988596    
 -0.410259992     -0.401988596    
 -0.410259992     -0.401988596    
 -0.410259992     -0.401988596    
 -0.410259992     -0.401988596    
 -0.410259992     -0.401988596    
 -0.410259992     -0.401988596    
 -0.410259992     -0.401988596    
 -0.410259992     -0.401988596    
 -0.410259992     -0.401988596    
 -0.410259992     -0.401988596    
 -0.410259992     -0.401988596    
 -0.410259992     -0.401988596    
 -0.410259992     -0.401988596    
 -0.410259992     -0.401988596    
 -0.410259992     -0.401988596    
 -0.410259992     -0.401988596    
 -0.410259992     -0.401988596    
 -0.410259992     -0.401988596    
 -0.410259992     -0.401988596    
 -0.410259992     -0.401988596    
 -0.410259992     -0.401988596    
 -0.410259992     -0.401988596    
 -0.410259992     -0.401988596    
 -0.410259992     -0.401988596    
 -0.410259992     -0.401988596    
 -0.410259992     -0.401988596    
 -0.410259992     -0.401988596    
 -0.410259992     -0.401988596    
 -0.410259992     -0.401988596    
 -0.410259992     -0.401988596    
 -0.410259992     -0.401988596    
 -0.410259992     -0.401988596    
 -0.410259992     -0.401988596    
 -0.410259992     -0.401988596    
 -0.410259992     -0.401988596    
 -0.410259992     -0.401988596    
 -0.410259992     -0.401988596    
 -0.410259992     -0.401988596    
 -0.410259992     -0.401988596    
 -0.410259992     -0.401988596    
 -0.410259992     -0.401988596    
 -0.410259992     -0.401988596    
 -0.410259992     -0.401988596    
 -0.410259992     -0.401988596    
 -0.410259992     -0.401988596    
 -0.410259992     -0.401988596    
 -0.410259992     -0.401988596    
 -0.410259992     -0.401988596    
 -0.410259992     -0.401988596    
 -0.410259992     -0.401988596    
 -0.410259992     -0.401988596    
 -0.410259992     -0.401988596    
 -0.410259992     -0.401988596    
 -0.410259992     -0.401988596    
 -0.410259992     -0.401988596    
 -0.410259992     -0.401988596    
 -0.410259992     -0.401988596    
 -0.410259992     -0.401988596    
 -0.410259992     -0.401988596    
 -0.410259992     -0.401988596    
 -0.410259992     -0.401988596    
 -0.410259992     -0.401988596    
 -0.410259992     -0.401988596    
 -0.410259992     -0.401988596    
 -0.410259992     -0.401988596    
 -0.410259992     -0.401988596    
 -0.410259992     -0.401988596    
 -0.410259992     -0.401988596    
 -0.410259992     -0.401988596    
 -0.410259992     -0.401988596    
 -0.410259992     -0.401988596    
 -0.410259992     -0.401988596    
 -0.410259992     -0.401988596    
 -0.410259992     -0.401988596    
 -0.410259992     -0.401988596    
 -0.410259992     -0.401988596    
 -0.410259992     -0.401988596    
 -0.410259992     -0.401988596    
 -0.410259992     -0.401988596    
 -0.410259992     -0.401988596    
 -0.410259992     -0.401988596    
 -0.410259992     -0.401988596    
 -0.410259992     -0.401988596    
 -0.410259992     -0.401988596    
 -0.410259992     -0.401988596    
 -0.410259992     -0.401988596    
 -0.410259992     -0.401988596    
 -0.410259992     -0.401988596    
 -0.410259992     -0.401988596    
 -0.410259992     -0.401988596    
 -0.410259992     -0.401988596    
 -0.410259992     -0.401988596    
 -0.410259992     -0.401988596    
 -0.410259992     -0.401988596    
 -0.410259992     -0.401988596    
 -0.410259992     -0.401988596    
 -0.410259992     -0.401988596    
 -0.410259992     -0.401988596    
 -0.410259992     -0.401988596    
 -0.410259992     -0.401988596    
 -0.410259992     -0.401988596    
 -0.410259992     -0.401988596    
 -0.410259992     -0.401988596    
 -0.410259992     -0.401988596    
 -0.410259992     -0.401988596    
 -0.410259992     -0.401988596    
 -0.410259992     -0.401988596    
 -0.410259992     -0.401988596    
 -0.410259992     -0.401988596    
 -0.410259992     -0.401988596    
 -0.410259992     -0.401988596    
 -0.410259992     -0.401988596    
 -0.410259992     -0.401988596    
 -0.410259992     -0.401988596    
 -0.410259992     -0.401988596    
 -0.410259992     -0.401988596    
 -0.410259992     -0.401988596    
 -0.410259992     -0.401988596    
 -0.410259992     -0.401988596    
 -0.410259992     -0.401988596    
 -0.410259992     -0.401988596    
 -0.410259992     -0.401988596    
 -0.410259992     -0.401988596    
 -0.410259992     -0.401988596    
 -0.410259992     -0.401988596    
 -0.410259992     -0.401988596    
 -0.410259992     -0.401988596    
 -0.410259992     -0.401988596    
 -0.410259992     -0.401988596    
 -0.410259992     -0.401988596    
 -0.410259992     -0.401988596    
 -0.410259992     -0.401988596    
 -0.410259992     -0.401988596    
 -0.410259992     -0.401988596    
 -0.410259992     -0.401988596    
 -0.410259992     -0.401988596    
 -0.410259992     -0.401988596    
 -0.410259992     -0.401988596    
 -0.410259992     -0.401988596    
 -0.410259992     -0.401988596    
 -0.410259992     -0.401988596    
 -0.410259992     -0.401988596    
 -0.410259992     -0.401988596    
 -0.410259992     -0.401988596    
 -0.410259992     -0.401988596    
 -0.410259992     -0.401988596    
 -0.410259992     -0.401988596    
 -0.410259992     -0.401988596    
 -0.410259992     -0.401988596    
 -0.410259992     -0.401988596    
 -0.410259992     -0.401988596    
 -0.410259992     -0.401988596    
 -0.410259992     -0.401988596    
 -0.410259992     -0.401988596    
 -0.410259992     -0.401988596    
 -0.410259992     -0.401988596    
 -0.410259992     -0.401988596    
 -0.410259992     -0.401988596    
 -0.410259992     -0.401988596    
 -0.410259992     -0.401988596    
 -0.410259992     -0.401988596    
 -0.410259992     -0.401988596    
 -0.410259992     -0.401988596    
 -0.410259992     -0.401988596    
 -0.410259992     -0.401988596    
 -0.410259992     -0.401988596    
 -0.410259992     -0.401988596    
 -0.410259992     -0.401988596    
 -0.410259992     -0.401988596    
 -0.410259992     -0.401988596    
 -0.410259992     -0.401988596    
 -0.410259992     -0.401988596    
 -0.410259992     -0.401988596    
 -0.410259992     -0.401988596    
 -0.410259992     -0.401988596    
 -0.410259992     -0.401988596    
 -0.410259992     -0.401988596    
 -0.410259992     -0.401988596    
 -0.410259992     -0.401988596    
 -0.410259992     -0.401988596    
 -0.410259992     -0.401988596    
 -0.410259992     -0.401988596    
 -0.410259992     -0.401988596    
 -0.410259992     -0.401988596    
 -0.410259992     -0.401988596    
 -0.410259992     -0.401988596    
 -0.410259992     -0.401988596    
 -0.410259992     -0.401988596    
 -0.410259992     -0.401988596    
 -0.410259992     -0.401988596    
 -0.410259992     -0.401988596    
 -0.410259992     -0.401988596    
 -0.410259992     -0.401988596    
 -0.410259992     -0.401988596    
 -0.410259992     -0.401988596    
 -0.410259992     -0.401988596    
 -0.410259992     -0.401988596    
 -0.410259992     -0.401988596    
 -0.410259992     -0.401988596    
 -0.410259992     -0.401988596    
 -0.410259992     -0.401988596    
 -0.410259992     -0.401988596    
 -0.410259992     -0.401988596    
 -0.410259992     -0.401988596    
 -0.410259992     -0.401988596    
 -0.410259992     -0.401988596    
 -0.410259992     -0.401988596    
 -0.410259992     -0.401988596    
 -0.410259992     -0.401988596    
 -0.410259992     -0.401988596    
 -0.410259992     -0.401988596    
 -0.410259992     -0.401988596    
 -0.410259992     -0.401988596    
 -0.410259992     -0.401988596    
 -0.410259992     -0.401988596    
 -0.410259992     -0.401988596    
 -0.410259992     -0.401988596    
 -0.410259992     -0.401988596    
 -0.410259992     -0.401988596    
 -0.410259992     -0.401988596    
 -0.410259992     -0.401988596    
 -0.410259992     -0.401988596    
 -0.410259992     -0.401988596    
 -0.410259992     -0.401988596    
 -0.410259992     -0.401988596    
 -0.410259992     -0.401988596    
 -0.410259992     -0.401988596    
 -0.410259992     -0.401988596    
 -0.410259992     -0.401988596    
 -0.410259992     -0.401988596    
 -0.410259992     -0.401988596    
 -0.410259992     -0.401988596    
 -0.410259992     -0.401988596    
 -0.410259992     -0.401988596    
 -0.410259992     -0.401988596    
 -0.410259992     -0.401988596    
 -0.410259992     -0.401988596    
 -0.410259992     -0.401988596    
 -0.410259992     -0.401988596    
 -0.410259992     -0.401988596    
 -0.410259992     -0.401988596    
 -0.410259992     -0.401988596    
 -0.410259992     -0.401988596    
 -0.410259992     -0.401988596    
 -0.410259992     -0.401988596    
 -0.410259992     -0.401988596    
 -0.410259992     -0.401988596    
 -0.410259992     -0.401988596    
 -0.410259992     -0.401988596    
 -0.410259992     -0.401988596    
 -0.410259992     -0.401988596    
 -0.410259992     -0.401988596    
 -0.410259992     -0.401988596    
 -0.410259992     -0.401988596    
 -0.410259992     -0.401988596    
 -0.410259992     -0.401988596    
 -0.410259992     -0.401988596    
 -0.410259992     -0.401988596    
 -0.410259992     -0.401988596    
 -0.410259992     -0.401988596    
 -0.410259992     -0.401988596    
 -0.410259992     -0.401988596    
 -0.410259992     -0.401988596    
 -0.410259992     -0.401988596    
 -0.410259992     -0.401988596    
 -0.410259992     -0.401988596    
 -0.410259992     -0.401988596    
 -0.410259992     -0.401988596    
 -0.410259992     -0.401988596    
 -0.410259992     -0.401988596    
 -0.410259992     -0.401988596    
 -0.410259992     -0.401988596    
 -0.410259992     -0.401988596    
 -0.410259992     -0.401988596    
 -0.410259992     -0.401988596    
 -0.410259992     -0.401988596    
 -0.410259992     -0.401988596    
 -0.410259992     -0.401988596    
 -0.410259992     -0.401988596    
 -0.410259992     -0.401988596    
 -0.410259992     -0.401988596    
 -0.410259992     -0.401988596    
 -0.410259992     -0.401988596    
 -0.410259992     -0.401988596    
 -0.410259992     -0.401988596    
 -0.410259992     -0.401988596    
 -0.410259992     -0.401988596    
 -0.410259992     -0.401988596    
 -0.410259992     -0.401988596    
 -0.410259992     -0.401988596    
 -0.410259992     -0.401988596    
 -0.410259992     -0.401988596    
 -0.410259992     -0.401988596    
 -0.410259992     -0.401988596    
 -0.410259992     -0.401988596    
 -0.410259992     -0.401988596    
 -0.410259992     -0.401988596    
 -0.410259992     -0.401988596    
 -0.410259992     -0.401988596    
 -0.410259992     -0.401988596    
 -0.410259992     -0.401988596    
 -0.410259992     -0.401988596    
 -0.410259992     -0.401988596    
 -0.410259992     -0.401988596    
 -0.410259992     -0.401988596    
 -0.410259992     -0.401988596    
 -0.410259992     -0.401988596    
 -0.410259992     -0.401988596    
 -0.410259992     -0.401988596    
 -0.410259992     -0.401988596    
 -0.410259992     -0.401988596    
 -0.410259992     -0.401988596    
 -0.410259992     -0.401988596    
 -0.410259992     -0.401988596    
 -0.410259992     -0.401988596    
 -0.410259992     -0.401988596    
 -0.410259992     -0.401988596    
 -0.410259992     -0.401988596    
 -0.410259992     -0.401988596    
 -0.410259992     -0.401988596    
 -0.410259992     -0.401988596    
 -0.410259992     -0.401988596    
 -0.410259992     -0.401988596    
 -0.410259992     -0.401988596    
 -0.410259992     -0.401988596    
 -0.410259992     -0.401988596    
 -0.410259992     -0.401988596    
 -0.410259992     -0.401988596    
 -0.410259992     -0.401988596    
 -0.410259992     -0.401988596    
 -0.410259992     -0.401988596    
 -0.410259992     -0.401988596    
 -0.410259992     -0.401988596    
 -0.410259992     -0.401988596    
 -0.410259992     -0.401988596    
 -0.410259992     -0.401988596    
 -0.410259992     -0.401988596    
 -0.410259992     -0.401988596    
 -0.410259992     -0.401988596    
 -0.410259992     -0.401988596    
 -0.410259992     -0.401988596    
 -0.410259992     -0.401988596    
 -0.410259992     -0.401988596    
 -0.410259992     -0.401988596    
 -0.410259992     -0.401988596    
 -0.410259992     -0.401988596    
 -0.410259992     -0.401988596    
 -0.410259992     -0.401988596    
 -0.410259992     -0.401988596    
 -0.410259992     -0.401988596    
 -0.410259992     -0.401988596    
 -0.410259992     -0.401988596    
 -0.410259992     -0.401988596    
 -0.410259992     -0.401988596    
 -0.410259992     -0.401988596    
 -0.410259992     -0.401988596    
 -0.410259992     -0.401988596    
 -0.410259992     -0.401988596    
 -0.410259992     -0.401988596    
 -0.410259992     -0.401988596    
 -0.410259992     -0.401988596    
 -0.410259992     -0.401988596    
 -0.410259992     -0.401988596    
 -0.410259992     -0.401988596    
 -0.410259992     -0.401988596    
 -0.410259992     -0.401988596    
 -0.410259992     -0.401988596    
 -0.410259992     -0.401988596    
 -0.410259992     -0.401988596    
 -0.410259992     -0.401988596    
 -0.410259992     -0.401988596    
 -0.410259992     -0.401988596    
 -0.410259992     -0.401988596    
 -0.410259992     -0.401988596    
 -0.410259992     -0.401988596    
 -0.410259992     -0.401988596    
 -0.410259992     -0.401988596    
 -0.410259992     -0.401988596    
 -0.410259992     -0.401988596    
 -0.410259992     -0.401988596    
 -0.410259992     -0.401988596    
 -0.410259992     -0.401988596    
 -0.410259992     -0.401988596    
 -0.410259992     -0.401988596    
 -0.410259992     -0.401988596    
 -0.410259992     -0.401988596    
 -0.410259992     -0.401988596    
 -0.410259992     -0.401988596    
 -0.410259992     -0.401988596    
 -0.410259992     -0.401988596    
 -0.410259992     -0.401988596    
 -0.410259992     -0.401988596    
 -0.410259992     -0.401988596    
 -0.410259992     -0.401988596    
 -0.410259992     -0.401988596    
 -0.410259992     -0.401988596    
