 # x         y        
 -0.101297095     -0.576097131    
  0.377810836     -0.705573916    
  0.903582990     -0.626512825    
   1.13152516      -1.10080528    
   1.57961226      -1.15421271    
   1.58779383     -0.750637531    
   1.86791945      -1.16032147    
   1.62081003      -1.43461573    
   2.05824041      -1.61378062    
   2.48038268      -1.50038779    
   2.81028652      -1.69755721    
   3.14317822      -1.59802330    
   2.86609864      -1.73533094    
   3.21148992      -1.80835891    
   2.89596581      -1.73589027    
   3.15655422      -1.52194130    
   3.34796333      -1.30048716    
   3.34014320      -1.00295651    
   3.14277196      -1.18228304    
   2.97289920     -0.993548214    
   2.73040056     -0.895380557    
   2.85649633      -1.08722508    
   3.11208940      -1.05131793    
   3.30412531      -1.22494531    
   3.11034298      -1.34552419    
   3.33790016      -1.30176437    
   3.34528947      -1.53400755    
   3.16390276      -1.51889801    
   3.08739614      -1.66737854    
   2.92500758      -1.76806378    
   2.74432373      -1.85506725    
   2.60420418      -1.79236126    
   2.43076348      -1.74825978    
   2.28639436      -1.83332253    
   2.20144916      -1.69108951    
   2.05746984      -1.75752831    
   2.01877141      -1.63865292    
   1.91325009      -1.54830348    
   2.03500557      -1.57149780    
   2.16899967      -1.57839489    
   2.28943968      -1.58707583    
   2.16731691      -1.60634243    
   2.16692162      -1.71334231    
   2.25024414      -1.78337479    
   2.14794827      -1.80967164    
   2.22004485      -1.85744488    
   2.19936395      -1.75359249    
   2.09059095      -1.76615620    
   2.03825235      -1.70027256    
   2.00786901      -1.62938011    
   1.98792422      -1.55399525    
   1.92844403      -1.59601843    
   1.87156630      -1.56446421    
   1.80005968      -1.59619594    
   1.87174833      -1.58637810    
   1.84727395      -1.64971101    
   1.88205671      -1.60627389    
   1.81690502      -1.60437202    
   1.77633870      -1.54568362    
   1.80942094      -1.49336505    
   1.76111221      -1.51474166    
   1.81968486      -1.49392164    
   1.86212003      -1.53664696    
   1.82355678      -1.57220042    
   1.79734397      -1.60367024    
   1.82163203      -1.57172942    
   1.78097761      -1.54961860    
   1.78255880      -1.58856821    
   1.83063352      -1.58611035    
   1.86426783      -1.55407476    
   1.83375371      -1.53534853    
   1.80019403      -1.51946187    
   1.78045642      -1.49072337    
   1.81300843      -1.48302209    
   1.83927846      -1.49289501    
   1.86508346      -1.46976089    
   1.83985448      -1.46055841    
   1.83543706      -1.48973799    
   1.81262255      -1.48184299    
   1.83556497      -1.48948431    
   1.85985911      -1.47859573    
   1.84948933      -1.50194275    
   1.83009267      -1.48666048    
   1.80461550      -1.49384522    
   1.82085621      -1.47740471    
   1.80992138      -1.49488044    
   1.79827929      -1.47898281    
   1.82108963      -1.47910535    
   1.82603061      -1.46009851    
   1.80941987      -1.45071065    
   1.79290199      -1.45125151    
   1.79227579      -1.46902609    
   1.80765676      -1.47148156    
   1.79727268      -1.46321845    
   1.80633056      -1.45426309    
   1.81448519      -1.46900558    
   1.82914340      -1.46656787    
   1.83478880      -1.47946835    
   1.82640338      -1.48777223    
   1.81472707      -1.49492443    
   1.82053006      -1.48643267    
   1.81091356      -1.49329448    
   1.82130587      -1.48641157    
   1.83077073      -1.47956443    
   1.83608198      -1.46948910    
   1.84269869      -1.46215737    
   1.85040116      -1.45679617    
   1.84269285      -1.45181441    
   1.84633219      -1.45978439    
   1.85575676      -1.45896959    
   1.86402798      -1.45573771    
   1.85516405      -1.45600545    
   1.86395586      -1.45535076    
   1.85861874      -1.45096135    
   1.85492766      -1.45636046    
   1.86103535      -1.45421052    
   1.85865140      -1.44710648    
   1.85355759      -1.45220828    
   1.84740555      -1.45045769    
   1.84378779      -1.45421100    
   1.84705043      -1.45885658    
   1.85012257      -1.45380652    
   1.84630215      -1.45135534    
   1.85012603      -1.45413196    
   1.84975207      -1.45942259    
   1.84472239      -1.46133280    
   1.84069324      -1.45958328    
   1.84208596      -1.46417105    
   1.84541833      -1.46290505    
   1.84291792      -1.46516001    
   1.84390593      -1.46191108    
   1.84762144      -1.46310043    
   1.84760165      -1.46702337    
   1.84771204      -1.46418178    
   1.84545815      -1.46179092    
   1.84664106      -1.46425390    
   1.84575951      -1.46187818    
   1.84864151      -1.46269858    
   1.84995735      -1.46016955    
   1.84884632      -1.46225679    
   1.85094726      -1.46326613    
   1.85086119      -1.46559596    
   1.84887958      -1.46375453    
   1.84730184      -1.46536577    
   1.84722292      -1.46782386    
   1.84825599      -1.46997821    
   1.84641623      -1.46969211    
   1.84467185      -1.46862328    
   1.84554267      -1.46702647    
   1.84761143      -1.46741319    
   1.84700096      -1.46562552    
   1.84886062      -1.46552694    
   1.84897602      -1.46704197    
   1.84761906      -1.46719241    
   1.84895241      -1.46821487    
   1.84738028      -1.46798670    
   1.84639001      -1.46874106    
   1.84718156      -1.46953583    
   1.84841490      -1.46953428    
   1.84810996      -1.46841931    
   1.84808600      -1.46948862    
   1.84921384      -1.46979630    
   1.84996581      -1.47059870    
   1.84904587      -1.47117198    
   1.84800124      -1.47081435    
   1.84748352      -1.47159088    
   1.84730637      -1.47257686    
   1.84697497      -1.47188509    
   1.84739959      -1.47274268    
   1.84798336      -1.47332203    
   1.84855783      -1.47375226    
   1.84919536      -1.47425497    
   1.84889448      -1.47366500    
   1.84944570      -1.47393072    
   1.84921265      -1.47461843    
   1.84950984      -1.47524810    
   1.84891689      -1.47566259    
   1.84863937      -1.47610426    
   1.84811091      -1.47625828    
   1.84810078      -1.47681725    
   1.84843028      -1.47728848    
   1.84864390      -1.47689831    
   1.84822965      -1.47703481    
   1.84850609      -1.47740626    
   1.84819019      -1.47696221    
   1.84848583      -1.47723806    
   1.84807765      -1.47723258    
   1.84806609      -1.47766840    
   1.84762776      -1.47758090    
   1.84793591      -1.47739351    
   1.84828293      -1.47761941    
   1.84845579      -1.47725952    
   1.84810948      -1.47716439    
   1.84836113      -1.47731519    
   1.84865165      -1.47711110    
   1.84882343      -1.47687960    
   1.84848344      -1.47684538    
   1.84861398      -1.47657537    
   1.84846389      -1.47684574    
   1.84824419      -1.47695458    
   1.84829462      -1.47674596    
   1.84847558      -1.47688448    
   1.84856677      -1.47669840    
   1.84871221      -1.47648573    
   1.84881067      -1.47626638    
   1.84884274      -1.47646511    
   1.84904599      -1.47635996    
   1.84890079      -1.47624278    
   1.84885764      -1.47642720    
   1.84901953      -1.47651088    
   1.84917593      -1.47657931    
   1.84905088      -1.47664940    
   1.84918177      -1.47674084    
   1.84902418      -1.47669506    
   1.84899497      -1.47684586    
   1.84887779      -1.47676015    
   1.84898424      -1.47685313    
   1.84910345      -1.47691417    
   1.84917545      -1.47681201    
   1.84925342      -1.47673261    
   1.84931111      -1.47662342    
   1.84934545      -1.47671509    
   1.84937346      -1.47682893    
   1.84944570      -1.47688079    
   1.84935892      -1.47695673    
   1.84927678      -1.47696948    
   1.84929931      -1.47706640    
   1.84930611      -1.47698987    
   1.84931374      -1.47690010    
   1.84928763      -1.47697389    
   1.84928155      -1.47688770    
   1.84920049      -1.47688270    
   1.84918880      -1.47681916    
   1.84925508      -1.47679245    
   1.84921134      -1.47675157    
   1.84923172      -1.47682548    
   1.84928358      -1.47677851    
   1.84930658      -1.47672904    
   1.84928656      -1.47667909    
   1.84923697      -1.47672057    
   1.84918571      -1.47674131    
   1.84920537      -1.47670138    
   1.84917116      -1.47673917    
   1.84918606      -1.47678304    
   1.84917569      -1.47673774    
   1.84919000      -1.47669733    
   1.84919322      -1.47674406    
   1.84920228      -1.47670400    
   1.84918165      -1.47674525    
   1.84918189      -1.47678971    
   1.84915483      -1.47676420    
   1.84912360      -1.47674191    
   1.84913373      -1.47676909    
   1.84911954      -1.47674191    
   1.84911847      -1.47671437    
   1.84914041      -1.47673607    
   1.84911335      -1.47674727    
   1.84913433      -1.47672582    
   1.84915876      -1.47671497    
   1.84913647      -1.47671628    
   1.84914029      -1.47668743    
   1.84915030      -1.47666264    
   1.84914923      -1.47668672    
   1.84914279      -1.47666597    
   1.84916067      -1.47665846    
   1.84917355      -1.47667193    
   1.84919631      -1.47667551    
   1.84921432      -1.47667265    
   1.84919870      -1.47667682    
   1.84917855      -1.47667539    
   1.84916461      -1.47666657    
   1.84917486      -1.47665191    
   1.84919071      -1.47665191    
   1.84919286      -1.47666907    
   1.84919071      -1.47665596    
   1.84919870      -1.47666621    
   1.84919715      -1.47665226    
   1.84919727      -1.47664058    
   1.84920669      -1.47664845    
   1.84921134      -1.47665894    
   1.84922290      -1.47666287    
   1.84921408      -1.47665560    
   1.84921134      -1.47664714    
   1.84920430      -1.47665548    
   1.84920776      -1.47666335    
   1.84920549      -1.47667229    
   1.84920919      -1.47666514    
   1.84920454      -1.47667408    
   1.84920585      -1.47668183    
   1.84921157      -1.47667789    
   1.84922051      -1.47667646    
   1.84922242      -1.47667038    
   1.84921789      -1.47667634    
   1.84921253      -1.47668028    
   1.84920824      -1.47667623    
   1.84920311      -1.47667444    
   1.84920514      -1.47666836    
   1.84921026      -1.47666430    
   1.84921122      -1.47666931    
   1.84921455      -1.47667265    
   1.84921730      -1.47666717    
   1.84922254      -1.47666824    
   1.84922481      -1.47666323    
   1.84922731      -1.47666669    
   1.84922409      -1.47666347    
   1.84922218      -1.47666717    
   1.84922624      -1.47666728    
   1.84922683      -1.47667158    
   1.84922302      -1.47667325    
   1.84922171      -1.47667623    
   1.84922302      -1.47667253    
   1.84922028      -1.47667551    
   1.84922278      -1.47667682    
   1.84922421      -1.47667980    
   1.84922171      -1.47667801    
   1.84922409      -1.47667992    
   1.84922302      -1.47668278    
   1.84922266      -1.47668540    
   1.84922123      -1.47668791    
   1.84921920      -1.47668695    
   1.84922016      -1.47668934    
   1.84922111      -1.47668695    
   1.84922063      -1.47668946    
   1.84922278      -1.47668922    
   1.84922230      -1.47668719    
   1.84922361      -1.47668862    
   1.84922504      -1.47668779    
   1.84922695      -1.47668695    
   1.84922814      -1.47668827    
   1.84922981      -1.47668815    
   1.84922945      -1.47668660    
   1.84922993      -1.47668803    
   1.84923077      -1.47668910    
   1.84922957      -1.47668874    
   1.84922838      -1.47668910    
   1.84922719      -1.47668946    
   1.84922838      -1.47668886    
   1.84922767      -1.47668993    
   1.84922802      -1.47669101    
   1.84922755      -1.47668993    
   1.84922838      -1.47669077    
   1.84922862      -1.47668958    
   1.84922886      -1.47668862    
   1.84922898      -1.47668946    
   1.84922993      -1.47668886    
   1.84922910      -1.47668862    
   1.84922981      -1.47668815    
   1.84922886      -1.47668827    
   1.84922886      -1.47668922    
   1.84922814      -1.47668946    
   1.84922862      -1.47668898    
   1.84922862      -1.47668958    
   1.84922814      -1.47669017    
   1.84922874      -1.47669005    
   1.84922838      -1.47669065    
   1.84922874      -1.47669005    
   1.84922922      -1.47668970    
   1.84922957      -1.47669017    
   1.84922934      -1.47669077    
   1.84922993      -1.47669089    
   1.84923053      -1.47669089    
   1.84923077      -1.47669137    
   1.84923041      -1.47669137    
   1.84923089      -1.47669137    
   1.84923065      -1.47669101    
   1.84923029      -1.47669113    
   1.84923053      -1.47669077    
   1.84923077      -1.47669041    
   1.84923041      -1.47669029    
   1.84923041      -1.47668993    
   1.84923029      -1.47668958    
   1.84922993      -1.47668946    
   1.84922993      -1.47668970    
   1.84922981      -1.47668934    
   1.84923005      -1.47668922    
   1.84922993      -1.47668946    
   1.84922969      -1.47668958    
   1.84922945      -1.47668970    
   1.84922957      -1.47668946    
   1.84922934      -1.47668934    
   1.84922945      -1.47668910    
   1.84922969      -1.47668910    
   1.84922945      -1.47668898    
   1.84922922      -1.47668886    
   1.84922898      -1.47668898    
   1.84922874      -1.47668910    
   1.84922850      -1.47668910    
   1.84922850      -1.47668886    
   1.84922874      -1.47668886    
   1.84922874      -1.47668898    
   1.84922862      -1.47668898    
   1.84922850      -1.47668886    
   1.84922838      -1.47668898    
   1.84922838      -1.47668910    
   1.84922850      -1.47668922    
   1.84922838      -1.47668922    
   1.84922826      -1.47668922    
   1.84922814      -1.47668922    
   1.84922802      -1.47668922    
   1.84922814      -1.47668922    
   1.84922814      -1.47668934    
   1.84922814      -1.47668946    
   1.84922802      -1.47668946    
   1.84922802      -1.47668958    
   1.84922802      -1.47668946    
   1.84922791      -1.47668946    
   1.84922791      -1.47668934    
   1.84922779      -1.47668934    
   1.84922779      -1.47668922    
   1.84922779      -1.47668934    
   1.84922779      -1.47668946    
   1.84922779      -1.47668946    
   1.84922779      -1.47668946    
   1.84922779      -1.47668946    
   1.84922779      -1.47668934    
   1.84922779      -1.47668934    
   1.84922791      -1.47668934    
   1.84922791      -1.47668934    
   1.84922791      -1.47668922    
   1.84922791      -1.47668922    
   1.84922791      -1.47668922    
   1.84922791      -1.47668922    
   1.84922791      -1.47668922    
   1.84922791      -1.47668922    
   1.84922791      -1.47668922    
   1.84922791      -1.47668922    
   1.84922791      -1.47668922    
   1.84922791      -1.47668922    
   1.84922791      -1.47668922    
   1.84922791      -1.47668922    
   1.84922791      -1.47668922    
   1.84922791      -1.47668922    
   1.84922791      -1.47668922    
   1.84922791      -1.47668922    
   1.84922791      -1.47668922    
   1.84922791      -1.47668922    
   1.84922791      -1.47668922    
   1.84922791      -1.47668922    
   1.84922791      -1.47668922    
   1.84922791      -1.47668922    
   1.84922791      -1.47668922    
   1.84922791      -1.47668922    
   1.84922791      -1.47668922    
   1.84922791      -1.47668922    
   1.84922791      -1.47668922    
   1.84922791      -1.47668922    
   1.84922791      -1.47668922    
   1.84922791      -1.47668922    
   1.84922791      -1.47668922    
   1.84922791      -1.47668922    
   1.84922791      -1.47668922    
   1.84922791      -1.47668922    
   1.84922791      -1.47668922    
   1.84922791      -1.47668922    
   1.84922791      -1.47668922    
   1.84922791      -1.47668922    
   1.84922791      -1.47668922    
   1.84922791      -1.47668922    
   1.84922791      -1.47668922    
   1.84922791      -1.47668922    
   1.84922791      -1.47668922    
   1.84922791      -1.47668922    
   1.84922791      -1.47668922    
   1.84922791      -1.47668922    
   1.84922791      -1.47668922    
   1.84922791      -1.47668922    
   1.84922791      -1.47668922    
   1.84922791      -1.47668922    
   1.84922791      -1.47668922    
   1.84922791      -1.47668922    
   1.84922791      -1.47668922    
   1.84922791      -1.47668922    
   1.84922791      -1.47668922    
   1.84922791      -1.47668922    
   1.84922791      -1.47668922    
   1.84922791      -1.47668922    
   1.84922791      -1.47668922    
   1.84922791      -1.47668922    
   1.84922791      -1.47668922    
   1.84922791      -1.47668922    
   1.84922791      -1.47668922    
   1.84922791      -1.47668922    
   1.84922791      -1.47668922    
   1.84922791      -1.47668922    
   1.84922791      -1.47668922    
   1.84922791      -1.47668922    
   1.84922791      -1.47668922    
   1.84922791      -1.47668922    
   1.84922791      -1.47668922    
   1.84922791      -1.47668922    
   1.84922791      -1.47668922    
   1.84922791      -1.47668922    
   1.84922791      -1.47668922    
   1.84922791      -1.47668922    
   1.84922791      -1.47668922    
   1.84922791      -1.47668922    
   1.84922791      -1.47668922    
   1.84922791      -1.47668922    
   1.84922791      -1.47668922    
   1.84922791      -1.47668922    
   1.84922791      -1.47668922    
   1.84922791      -1.47668922    
   1.84922791      -1.47668922    
   1.84922791      -1.47668922    
   1.84922791      -1.47668922    
   1.84922791      -1.47668922    
   1.84922791      -1.47668922    
   1.84922791      -1.47668922    
   1.84922791      -1.47668922    
   1.84922791      -1.47668922    
   1.84922791      -1.47668922    
   1.84922791      -1.47668922    
   1.84922791      -1.47668922    
   1.84922791      -1.47668922    
   1.84922791      -1.47668922    
   1.84922791      -1.47668922    
   1.84922791      -1.47668922    
   1.84922791      -1.47668922    
   1.84922791      -1.47668922    
   1.84922791      -1.47668922    
   1.84922791      -1.47668922    
   1.84922791      -1.47668922    
   1.84922791      -1.47668922    
   1.84922791      -1.47668922    
   1.84922791      -1.47668922    
   1.84922791      -1.47668922    
   1.84922791      -1.47668922    
   1.84922791      -1.47668922    
   1.84922791      -1.47668922    
   1.84922791      -1.47668922    
   1.84922791      -1.47668922    
   1.84922791      -1.47668922    
   1.84922791      -1.47668922    
   1.84922791      -1.47668922    
   1.84922791      -1.47668922    
   1.84922791      -1.47668922    
   1.84922791      -1.47668922    
   1.84922791      -1.47668922    
   1.84922791      -1.47668922    
   1.84922791      -1.47668922    
   1.84922791      -1.47668922    
   1.84922791      -1.47668922    
   1.84922791      -1.47668922    
   1.84922791      -1.47668922    
   1.84922791      -1.47668922    
   1.84922791      -1.47668922    
   1.84922791      -1.47668922    
   1.84922791      -1.47668922    
   1.84922791      -1.47668922    
   1.84922791      -1.47668922    
   1.84922791      -1.47668922    
   1.84922791      -1.47668922    
   1.84922791      -1.47668922    
   1.84922791      -1.47668922    
   1.84922791      -1.47668922    
   1.84922791      -1.47668922    
   1.84922791      -1.47668922    
   1.84922791      -1.47668922    
   1.84922791      -1.47668922    
   1.84922791      -1.47668922    
   1.84922791      -1.47668922    
   1.84922791      -1.47668922    
   1.84922791      -1.47668922    
   1.84922791      -1.47668922    
   1.84922791      -1.47668922    
   1.84922791      -1.47668922    
   1.84922791      -1.47668922    
   1.84922791      -1.47668922    
   1.84922791      -1.47668922    
   1.84922791      -1.47668922    
   1.84922791      -1.47668922    
   1.84922791      -1.47668922    
   1.84922791      -1.47668922    
   1.84922791      -1.47668922    
   1.84922791      -1.47668922    
   1.84922791      -1.47668922    
   1.84922791      -1.47668922    
   1.84922791      -1.47668922    
   1.84922791      -1.47668922    
   1.84922791      -1.47668922    
   1.84922791      -1.47668922    
   1.84922791      -1.47668922    
   1.84922791      -1.47668922    
   1.84922791      -1.47668922    
   1.84922791      -1.47668922    
   1.84922791      -1.47668922    
   1.84922791      -1.47668922    
   1.84922791      -1.47668922    
   1.84922791      -1.47668922    
   1.84922791      -1.47668922    
   1.84922791      -1.47668922    
   1.84922791      -1.47668922    
   1.84922791      -1.47668922    
   1.84922791      -1.47668922    
   1.84922791      -1.47668922    
   1.84922791      -1.47668922    
   1.84922791      -1.47668922    
   1.84922791      -1.47668922    
   1.84922791      -1.47668922    
   1.84922791      -1.47668922    
   1.84922791      -1.47668922    
   1.84922791      -1.47668922    
   1.84922791      -1.47668922    
   1.84922791      -1.47668922    
   1.84922791      -1.47668922    
   1.84922791      -1.47668922    
   1.84922791      -1.47668922    
   1.84922791      -1.47668922    
   1.84922791      -1.47668922    
   1.84922791      -1.47668922    
   1.84922791      -1.47668922    
   1.84922791      -1.47668922    
   1.84922791      -1.47668922    
   1.84922791      -1.47668922    
   1.84922791      -1.47668922    
   1.84922791      -1.47668922    
   1.84922791      -1.47668922    
   1.84922791      -1.47668922    
   1.84922791      -1.47668922    
   1.84922791      -1.47668922    
   1.84922791      -1.47668922    
   1.84922791      -1.47668922    
   1.84922791      -1.47668922    
   1.84922791      -1.47668922    
   1.84922791      -1.47668922    
   1.84922791      -1.47668922    
   1.84922791      -1.47668922    
   1.84922791      -1.47668922    
   1.84922791      -1.47668922    
   1.84922791      -1.47668922    
   1.84922791      -1.47668922    
   1.84922791      -1.47668922    
   1.84922791      -1.47668922    
   1.84922791      -1.47668922    
   1.84922791      -1.47668922    
   1.84922791      -1.47668922    
   1.84922791      -1.47668922    
   1.84922791      -1.47668922    
   1.84922791      -1.47668922    
   1.84922791      -1.47668922    
   1.84922791      -1.47668922    
   1.84922791      -1.47668922    
   1.84922791      -1.47668922    
   1.84922791      -1.47668922    
   1.84922791      -1.47668922    
   1.84922791      -1.47668922    
   1.84922791      -1.47668922    
   1.84922791      -1.47668922    
   1.84922791      -1.47668922    
   1.84922791      -1.47668922    
   1.84922791      -1.47668922    
   1.84922791      -1.47668922    
   1.84922791      -1.47668922    
   1.84922791      -1.47668922    
   1.84922791      -1.47668922    
   1.84922791      -1.47668922    
   1.84922791      -1.47668922    
   1.84922791      -1.47668922    
   1.84922791      -1.47668922    
   1.84922791      -1.47668922    
   1.84922791      -1.47668922    
   1.84922791      -1.47668922    
   1.84922791      -1.47668922    
   1.84922791      -1.47668922    
   1.84922791      -1.47668922    
   1.84922791      -1.47668922    
   1.84922791      -1.47668922    
   1.84922791      -1.47668922    
   1.84922791      -1.47668922    
   1.84922791      -1.47668922    
   1.84922791      -1.47668922    
   1.84922791      -1.47668922    
   1.84922791      -1.47668922    
   1.84922791      -1.47668922    
   1.84922791      -1.47668922    
   1.84922791      -1.47668922    
   1.84922791      -1.47668922    
   1.84922791      -1.47668922    
   1.84922791      -1.47668922    
   1.84922791      -1.47668922    
   1.84922791      -1.47668922    
   1.84922791      -1.47668922    
   1.84922791      -1.47668922    
   1.84922791      -1.47668922    
   1.84922791      -1.47668922    
   1.84922791      -1.47668922    
   1.84922791      -1.47668922    
   1.84922791      -1.47668922    
   1.84922791      -1.47668922    
   1.84922791      -1.47668922    
   1.84922791      -1.47668922    
   1.84922791      -1.47668922    
   1.84922791      -1.47668922    
   1.84922791      -1.47668922    
   1.84922791      -1.47668922    
   1.84922791      -1.47668922    
   1.84922791      -1.47668922    
   1.84922791      -1.47668922    
   1.84922791      -1.47668922    
   1.84922791      -1.47668922    
   1.84922791      -1.47668922    
   1.84922791      -1.47668922    
   1.84922791      -1.47668922    
   1.84922791      -1.47668922    
   1.84922791      -1.47668922    
   1.84922791      -1.47668922    
   1.84922791      -1.47668922    
   1.84922791      -1.47668922    
   1.84922791      -1.47668922    
   1.84922791      -1.47668922    
   1.84922791      -1.47668922    
   1.84922791      -1.47668922    
   1.84922791      -1.47668922    
   1.84922791      -1.47668922    
   1.84922791      -1.47668922    
   1.84922791      -1.47668922    
   1.84922791      -1.47668922    
   1.84922791      -1.47668922    
   1.84922791      -1.47668922    
   1.84922791      -1.47668922    
   1.84922791      -1.47668922    
   1.84922791      -1.47668922    
   1.84922791      -1.47668922    
   1.84922791      -1.47668922    
   1.84922791      -1.47668922    
   1.84922791      -1.47668922    
   1.84922791      -1.47668922    
   1.84922791      -1.47668922    
   1.84922791      -1.47668922    
   1.84922791      -1.47668922    
   1.84922791      -1.47668922    
   1.84922791      -1.47668922    
   1.84922791      -1.47668922    
   1.84922791      -1.47668922    
   1.84922791      -1.47668922    
   1.84922791      -1.47668922    
   1.84922791      -1.47668922    
   1.84922791      -1.47668922    
   1.84922791      -1.47668922    
   1.84922791      -1.47668922    
   1.84922791      -1.47668922    
   1.84922791      -1.47668922    
   1.84922791      -1.47668922    
   1.84922791      -1.47668922    
   1.84922791      -1.47668922    
   1.84922791      -1.47668922    
   1.84922791      -1.47668922    
   1.84922791      -1.47668922    
   1.84922791      -1.47668922    
   1.84922791      -1.47668922    
   1.84922791      -1.47668922    
   1.84922791      -1.47668922    
   1.84922791      -1.47668922    
   1.84922791      -1.47668922    
   1.84922791      -1.47668922    
   1.84922791      -1.47668922    
   1.84922791      -1.47668922    
   1.84922791      -1.47668922    
   1.84922791      -1.47668922    
   1.84922791      -1.47668922    
   1.84922791      -1.47668922    
   1.84922791      -1.47668922    
   1.84922791      -1.47668922    
   1.84922791      -1.47668922    
   1.84922791      -1.47668922    
   1.84922791      -1.47668922    
   1.84922791      -1.47668922    
   1.84922791      -1.47668922    
   1.84922791      -1.47668922    
   1.84922791      -1.47668922    
   1.84922791      -1.47668922    
   1.84922791      -1.47668922    
   1.84922791      -1.47668922    
   1.84922791      -1.47668922    
   1.84922791      -1.47668922    
   1.84922791      -1.47668922    
   1.84922791      -1.47668922    
   1.84922791      -1.47668922    
   1.84922791      -1.47668922    
   1.84922791      -1.47668922    
   1.84922791      -1.47668922    
   1.84922791      -1.47668922    
   1.84922791      -1.47668922    
   1.84922791      -1.47668922    
   1.84922791      -1.47668922    
   1.84922791      -1.47668922    
   1.84922791      -1.47668922    
   1.84922791      -1.47668922    
   1.84922791      -1.47668922    
   1.84922791      -1.47668922    
   1.84922791      -1.47668922    
   1.84922791      -1.47668922    
   1.84922791      -1.47668922    
   1.84922791      -1.47668922    
   1.84922791      -1.47668922    
   1.84922791      -1.47668922    
   1.84922791      -1.47668922    
   1.84922791      -1.47668922    
   1.84922791      -1.47668922    
   1.84922791      -1.47668922    
   1.84922791      -1.47668922    
   1.84922791      -1.47668922    
   1.84922791      -1.47668922    
   1.84922791      -1.47668922    
   1.84922791      -1.47668922    
   1.84922791      -1.47668922    
   1.84922791      -1.47668922    
   1.84922791      -1.47668922    
   1.84922791      -1.47668922    
   1.84922791      -1.47668922    
   1.84922791      -1.47668922    
   1.84922791      -1.47668922    
   1.84922791      -1.47668922    
   1.84922791      -1.47668922    
   1.84922791      -1.47668922    
   1.84922791      -1.47668922    
   1.84922791      -1.47668922    
   1.84922791      -1.47668922    
   1.84922791      -1.47668922    
   1.84922791      -1.47668922    
   1.84922791      -1.47668922    
   1.84922791      -1.47668922    
   1.84922791      -1.47668922    
   1.84922791      -1.47668922    
   1.84922791      -1.47668922    
   1.84922791      -1.47668922    
   1.84922791      -1.47668922    
   1.84922791      -1.47668922    
   1.84922791      -1.47668922    
   1.84922791      -1.47668922    
   1.84922791      -1.47668922    
   1.84922791      -1.47668922    
   1.84922791      -1.47668922    
   1.84922791      -1.47668922    
   1.84922791      -1.47668922    
   1.84922791      -1.47668922    
   1.84922791      -1.47668922    
   1.84922791      -1.47668922    
   1.84922791      -1.47668922    
   1.84922791      -1.47668922    
   1.84922791      -1.47668922    
   1.84922791      -1.47668922    
   1.84922791      -1.47668922    
   1.84922791      -1.47668922    
   1.84922791      -1.47668922    
   1.84922791      -1.47668922    
   1.84922791      -1.47668922    
   1.84922791      -1.47668922    
   1.84922791      -1.47668922    
   1.84922791      -1.47668922    
   1.84922791      -1.47668922    
   1.84922791      -1.47668922    
   1.84922791      -1.47668922    
   1.84922791      -1.47668922    
   1.84922791      -1.47668922    
   1.84922791      -1.47668922    
   1.84922791      -1.47668922    
   1.84922791      -1.47668922    
   1.84922791      -1.47668922    
   1.84922791      -1.47668922    
   1.84922791      -1.47668922    
   1.84922791      -1.47668922    
   1.84922791      -1.47668922    
   1.84922791      -1.47668922    
   1.84922791      -1.47668922    
   1.84922791      -1.47668922    
   1.84922791      -1.47668922    
   1.84922791      -1.47668922    
   1.84922791      -1.47668922    
   1.84922791      -1.47668922    
   1.84922791      -1.47668922    
   1.84922791      -1.47668922    
   1.84922791      -1.47668922    
   1.84922791      -1.47668922    
   1.84922791      -1.47668922    
   1.84922791      -1.47668922    
   1.84922791      -1.47668922    
   1.84922791      -1.47668922    
   1.84922791      -1.47668922    
   1.84922791      -1.47668922    
   1.84922791      -1.47668922    
   1.84922791      -1.47668922    
   1.84922791      -1.47668922    
   1.84922791      -1.47668922    
   1.84922791      -1.47668922    
   1.84922791      -1.47668922    
   1.84922791      -1.47668922    
   1.84922791      -1.47668922    
   1.84922791      -1.47668922    
   1.84922791      -1.47668922    
   1.84922791      -1.47668922    
   1.84922791      -1.47668922    
   1.84922791      -1.47668922    
   1.84922791      -1.47668922    
   1.84922791      -1.47668922    
   1.84922791      -1.47668922    
   1.84922791      -1.47668922    
   1.84922791      -1.47668922    
   1.84922791      -1.47668922    
   1.84922791      -1.47668922    
   1.84922791      -1.47668922    
   1.84922791      -1.47668922    
   1.84922791      -1.47668922    
   1.84922791      -1.47668922    
   1.84922791      -1.47668922    
   1.84922791      -1.47668922    
   1.84922791      -1.47668922    
   1.84922791      -1.47668922    
   1.84922791      -1.47668922    
   1.84922791      -1.47668922    
   1.84922791      -1.47668922    
   1.84922791      -1.47668922    
   1.84922791      -1.47668922    
   1.84922791      -1.47668922    
   1.84922791      -1.47668922    
   1.84922791      -1.47668922    
   1.84922791      -1.47668922    
   1.84922791      -1.47668922    
   1.84922791      -1.47668922    
   1.84922791      -1.47668922    
   1.84922791      -1.47668922    
   1.84922791      -1.47668922    
   1.84922791      -1.47668922    
   1.84922791      -1.47668922    
   1.84922791      -1.47668922    
   1.84922791      -1.47668922    
   1.84922791      -1.47668922    
   1.84922791      -1.47668922    
   1.84922791      -1.47668922    
   1.84922791      -1.47668922    
   1.84922791      -1.47668922    
   1.84922791      -1.47668922    
   1.84922791      -1.47668922    
   1.84922791      -1.47668922    
   1.84922791      -1.47668922    
   1.84922791      -1.47668922    
   1.84922791      -1.47668922    
   1.84922791      -1.47668922    
   1.84922791      -1.47668922    
   1.84922791      -1.47668922    
   1.84922791      -1.47668922    
   1.84922791      -1.47668922    
   1.84922791      -1.47668922    
   1.84922791      -1.47668922    
   1.84922791      -1.47668922    
   1.84922791      -1.47668922    
   1.84922791      -1.47668922    
   1.84922791      -1.47668922    
   1.84922791      -1.47668922    
   1.84922791      -1.47668922    
   1.84922791      -1.47668922    
   1.84922791      -1.47668922    
   1.84922791      -1.47668922    
   1.84922791      -1.47668922    
   1.84922791      -1.47668922    
   1.84922791      -1.47668922    
   1.84922791      -1.47668922    
   1.84922791      -1.47668922    
   1.84922791      -1.47668922    
   1.84922791      -1.47668922    
   1.84922791      -1.47668922    
   1.84922791      -1.47668922    
   1.84922791      -1.47668922    
   1.84922791      -1.47668922    
   1.84922791      -1.47668922    
   1.84922791      -1.47668922    
   1.84922791      -1.47668922    
   1.84922791      -1.47668922    
   1.84922791      -1.47668922    
   1.84922791      -1.47668922    
   1.84922791      -1.47668922    
   1.84922791      -1.47668922    
   1.84922791      -1.47668922    
   1.84922791      -1.47668922    
   1.84922791      -1.47668922    
   1.84922791      -1.47668922    
   1.84922791      -1.47668922    
   1.84922791      -1.47668922    
   1.84922791      -1.47668922    
   1.84922791      -1.47668922    
   1.84922791      -1.47668922    
   1.84922791      -1.47668922    
   1.84922791      -1.47668922    
   1.84922791      -1.47668922    
   1.84922791      -1.47668922    
   1.84922791      -1.47668922    
   1.84922791      -1.47668922    
   1.84922791      -1.47668922    
   1.84922791      -1.47668922    
   1.84922791      -1.47668922    
   1.84922791      -1.47668922    
   1.84922791      -1.47668922    
   1.84922791      -1.47668922    
   1.84922791      -1.47668922    
   1.84922791      -1.47668922    
   1.84922791      -1.47668922    
   1.84922791      -1.47668922    
   1.84922791      -1.47668922    
   1.84922791      -1.47668922    
   1.84922791      -1.47668922    
