 # n       sqrt(n)     drms   
           1   1.00000000       1.70293868    
           2   1.41421354       1.92041659    
           3   1.73205078       1.99449241    
           4   2.00000000       2.32980680    
           5   2.23606801       2.40124965    
           6   2.44948983       2.70591950    
           7   2.64575124       3.49141788    
           8   2.82842708       3.54626560    
           9   3.00000000       3.81287289    
          10   3.16227770       4.06300354    
          11   3.31662488       4.29651022    
          12   3.46410155       4.33774137    
          13   3.60555124       4.52283096    
          14   3.74165750       4.70531607    
          15   3.87298346       4.72334623    
          16   4.00000000       4.79165936    
          17   4.12310553       4.94165945    
          18   4.24264050       4.94752455    
          19   4.35889912       5.44665051    
          20   4.47213602       5.44683409    
          21   4.58257580       5.65437889    
          22   4.69041586       5.74873924    
          23   4.79583168       5.82923651    
          24   4.89897966       5.84380007    
          25   5.00000000       5.85832739    
          26   5.09901953       5.92233086    
          27   5.19615221       5.95902681    
          28   5.29150248       6.02395201    
          29   5.38516474       6.03357267    
          30   5.47722578       6.14214945    
          31   5.56776428       6.26146936    
          32   5.65685415       6.27694225    
          33   5.74456263       6.36458969    
          34   5.83095169       6.39359045    
          35   5.91608000       6.41170788    
          36   6.00000000       6.48135805    
          37   6.08276272       6.72904158    
          38   6.16441393       6.73290443    
          39   6.24499798       6.77318239    
          40   6.32455540       6.80734921    
          41   6.40312433       6.81278229    
          42   6.48074055       6.83183718    
          43   6.55743837       6.84076023    
          44   6.63324976       6.86410952    
          45   6.70820379       6.92228270    
          46   6.78233004       6.92603779    
          47   6.85565472       6.94938850    
          48   6.92820311       7.00285673    
          49   7.00000000       7.03434420    
          50   7.07106781       7.05152464    
          51   7.14142847       7.06201124    
          52   7.21110249       7.13876772    
          53   7.28010988       7.16114521    
          54   7.34846926       7.18971491    
          55   7.41619825       7.25630760    
          56   7.48331499       7.45345545    
          57   7.54983425       7.51505184    
          58   7.61577320       7.56187820    
          59   7.68114567       7.58577585    
          60   7.74596691       7.58709431    
          61   7.81024981       7.60355186    
          62   7.87400770       7.62509012    
          63   7.93725395       7.70986366    
          64   8.00000000       7.76736784    
          65   8.06225777       7.78382969    
          66   8.12403870       7.89911366    
          67   8.18535233       7.95487261    
          68   8.24621105       7.97721767    
          69   8.30662346       8.06858063    
          70   8.36660004       8.07502365    
          71   8.42614937       8.11369228    
          72   8.48528099       8.25445366    
          73   8.54400349       8.27405548    
          74   8.60232544       8.32526302    
          75   8.66025448       8.42092609    
          76   8.71779823       8.43350506    
          77   8.77496433       8.56247616    
          78   8.83176041       8.60395241    
          79   8.88819408       8.66937160    
          80   8.94427204       8.73155212    
          81   9.00000000       8.75648308    
          82   9.05538559       8.77200127    
          83   9.11043358       8.87682343    
          84   9.16515160       8.89719105    
          85   9.21954441       8.93711376    
          86   9.27361870       8.94002247    
          87   9.32737923       9.04367161    
          88   9.38083172       9.12874603    
          89   9.43398094       9.17703629    
          90   9.48683262       9.23980522    
          91   9.53939247       9.38456154    
          92   9.59166336       9.43323898    
          93   9.64365101       9.54840279    
          94   9.69536018       9.55855656    
          95   9.74679470       9.56566811    
          96   9.79795933       9.58874321    
          97   9.84885788       9.60177040    
          98   9.89949512       9.63223743    
          99   9.94987392       9.63576698    
         100   10.0000000       9.74976921    
         101   10.0498753       10.0053988    
         102   10.0995045       10.0807743    
         103   10.1488914       10.1037617    
         104   10.1980391       10.1442595    
         105   10.2469511       10.1541128    
         106   10.2956305       10.1734953    
         107   10.3440800       10.2698593    
         108   10.3923044       10.3165884    
         109   10.4403067       10.4154692    
         110   10.4880886       10.4250660    
         111   10.5356541       10.4634600    
         112   10.5830050       10.4822702    
         113   10.6301460       10.4832249    
         114   10.6770782       10.5632381    
         115   10.7238054       10.5732679    
         116   10.7703295       10.6006603    
         117   10.8166542       10.6104670    
         118   10.8627806       10.6138592    
         119   10.9087124       10.6853170    
         120   10.9544516       10.7250175    
         121   11.0000000       10.7627134    
         122   11.0453606       10.9740601    
         123   11.0905361       10.9924517    
         124   11.1355286       11.0495253    
         125   11.1803398       11.0781765    
         126   11.2249718       11.1074753    
         127   11.2694273       11.2107983    
         128   11.3137083       11.2131176    
         129   11.3578167       11.3600178    
         130   11.4017544       11.3991232    
         131   11.4455233       11.4191942    
         132   11.4891253       11.4751902    
         133   11.5325623       11.5017385    
         134   11.5758371       11.5511036    
         135   11.6189499       11.5722942    
         136   11.6619034       11.6552992    
         137   11.7046995       11.6745882    
         138   11.7473402       11.7116184    
         139   11.7898264       11.7297058    
         140   11.8321600       11.7492132    
         141   11.8743420       11.8077097    
         142   11.9163752       11.8101654    
         143   11.9582605       11.8414526    
         144   12.0000000       11.9344034    
         145   12.0415945       11.9569225    
         146   12.0830460       12.0377741    
         147   12.1243553       12.1923752    
         148   12.1655254       12.1990976    
         149   12.2065554       12.2158909    
         150   12.2474489       12.2265291    
         151   12.2882061       12.2788439    
         152   12.3288279       12.2848682    
         153   12.3693171       12.2876358    
         154   12.4096737       12.3313417    
         155   12.4498997       12.3748941    
         156   12.4899960       12.4552002    
         157   12.5299644       12.4875937    
         158   12.5698051       12.5071173    
         159   12.6095200       12.5117550    
         160   12.6491108       12.5278893    
         161   12.6885777       12.6274300    
         162   12.7279224       12.6531420    
         163   12.7671452       12.6623058    
         164   12.8062487       12.6765928    
         165   12.8452330       12.6791162    
         166   12.8840990       12.7097597    
         167   12.9228477       12.7415066    
         168   12.9614811       12.7481766    
         169   13.0000000       12.7755232    
         170   13.0384045       12.8084345    
         171   13.0766964       12.8092155    
         172   13.1148767       12.8148355    
         173   13.1529465       12.8174877    
         174   13.1909056       12.8195162    
         175   13.2287569       12.8345623    
         176   13.2664995       12.9420242    
         177   13.3041344       12.9800615    
         178   13.3416643       13.0529690    
         179   13.3790884       13.2417517    
         180   13.4164076       13.3755751    
         181   13.4536238       13.4326468    
         182   13.4907379       13.4523602    
         183   13.5277491       13.4883652    
         184   13.5646601       13.5552940    
         185   13.6014709       13.6508608    
         186   13.6381817       13.6976643    
         187   13.6747942       13.6979561    
         188   13.7113094       13.7017517    
         189   13.7477274       13.7140808    
         190   13.7840490       13.7284374    
         191   13.8202753       13.7366667    
         192   13.8564062       13.7372484    
         193   13.8924437       13.7786064    
         194   13.9283886       13.8311243    
         195   13.9642401       13.8704720    
         196   14.0000000       13.9281731    
         197   14.0356684       13.9532080    
         198   14.0712471       13.9608021    
         199   14.1067362       13.9754782    
         200   14.1421356       13.9789839    
         201   14.1774473       14.0185595    
         202   14.2126703       14.0413675    
         203   14.2478065       14.0741606    
         204   14.2828569       14.2706690    
         205   14.3178215       14.3135605    
         206   14.3527002       14.3446159    
         207   14.3874950       14.3975687    
         208   14.4222050       14.4536505    
         209   14.4568319       14.5119953    
         210   14.4913769       14.6054783    
         211   14.5258389       14.6717415    
         212   14.5602198       14.7422523    
         213   14.5945196       14.7732191    
         214   14.6287384       14.9220638    
         215   14.6628780       14.9359970    
         216   14.6969385       14.9443636    
         217   14.7309198       14.9839249    
         218   14.7648230       14.9937983    
         219   14.7986488       15.0293045    
         220   14.8323965       15.0434036    
         221   14.8660688       15.0626688    
         222   14.8996649       15.0762730    
         223   14.9331846       15.1242847    
         224   14.9666300       15.1602116    
         225   15.0000000       15.2602091    
         226   15.0332966       15.2971888    
         227   15.0665188       15.3293839    
         228   15.0996685       15.3505697    
         229   15.1327457       15.3540220    
         230   15.1657505       15.3885021    
         231   15.1986837       15.4155121    
         232   15.2315464       15.4663506    
         233   15.2643375       15.4945154    
         234   15.2970581       15.5257854    
         235   15.3297100       15.5567989    
         236   15.3622913       15.6194754    
         237   15.3948040       15.6476841    
         238   15.4272490       15.6510696    
         239   15.4596252       15.6638441    
         240   15.4919338       15.7027388    
         241   15.5241747       15.7074509    
         242   15.5563488       15.7320061    
         243   15.5884571       15.7782764    
         244   15.6204996       15.8111982    
         245   15.6524763       15.9093056    
         246   15.6843872       15.9680929    
         247   15.7162333       15.9884338    
         248   15.7480154       16.0095596    
         249   15.7797337       16.0773754    
         250   15.8113880       16.0893764    
         251   15.8429794       16.0949059    
         252   15.8745079       16.1093140    
         253   15.9059734       16.1666317    
         254   15.9373770       16.1980858    
         255   15.9687195       16.3468037    
         256   16.0000000       16.3654518    
         257   16.0312195       16.3670406    
         258   16.0623779       16.3803539    
         259   16.0934772       16.3847485    
         260   16.1245155       16.4362411    
         261   16.1554947       16.4487076    
         262   16.1864147       16.4553337    
         263   16.2172756       16.4865398    
         264   16.2480774       16.5002422    
         265   16.2788200       16.5029697    
         266   16.3095074       16.5272503    
         267   16.3401356       16.5785999    
         268   16.3707047       16.6294918    
         269   16.4012203       16.6521473    
         270   16.4316769       16.7106552    
         271   16.4620781       16.7137661    
         272   16.4924221       16.7201080    
         273   16.5227108       16.7223206    
         274   16.5529461       16.7611465    
         275   16.5831242       16.7912483    
         276   16.6132469       16.7972622    
         277   16.6433163       16.8047028    
         278   16.6733322       16.8185616    
         279   16.7032928       16.8452969    
         280   16.7332001       16.8584099    
         281   16.7630539       16.8624439    
         282   16.7928562       16.8838978    
         283   16.8226032       16.9208755    
         284   16.8522987       16.9341660    
         285   16.8819427       16.9413109    
         286   16.9115353       16.9466209    
         287   16.9410744       16.9704456    
         288   16.9705620       17.0403633    
         289   17.0000000       17.0930977    
         290   17.0293865       17.1581478    
         291   17.0587215       17.2219048    
         292   17.0880070       17.2240524    
         293   17.1172428       17.2864113    
         294   17.1464291       17.3161201    
         295   17.1755638       17.3711262    
         296   17.2046509       17.3748665    
         297   17.2336884       17.3827496    
         298   17.2626762       17.4104004    
         299   17.2916164       17.4359398    
         300   17.3205090       17.4786167    
         301   17.3493519       17.5109100    
         302   17.3781471       17.5442295    
         303   17.4068947       17.5502701    
         304   17.4355965       17.5669003    
         305   17.4642487       17.5881214    
         306   17.4928551       17.6074409    
         307   17.5214157       17.6120987    
         308   17.5499287       17.6441498    
         309   17.5783958       17.6724644    
         310   17.6068172       17.6822510    
         311   17.6351929       17.7375870    
         312   17.6635208       17.7644577    
         313   17.6918068       17.7681179    
         314   17.7200451       17.7816753    
         315   17.7482395       17.8224010    
         316   17.7763882       17.8590031    
         317   17.8044930       17.9140720    
         318   17.8325539       17.9449711    
         319   17.8605709       17.9619598    
         320   17.8885441       17.9794331    
         321   17.9164734       18.0314159    
         322   17.9443588       18.0567989    
         323   17.9722004       18.0656586    
         324   18.0000000       18.0692558    
         325   18.0277557       18.1181126    
         326   18.0554695       18.1245689    
         327   18.0831413       18.1499863    
         328   18.1107712       18.1515846    
         329   18.1383572       18.1538429    
         330   18.1659012       18.2453289    
         331   18.1934052       18.2677307    
         332   18.2208672       18.2844200    
         333   18.2482872       18.2887955    
         334   18.2756672       18.3138199    
         335   18.3030052       18.4171658    
         336   18.3303032       18.4348049    
         337   18.3575592       18.5188560    
         338   18.3847771       18.5526276    
         339   18.4119530       18.5924721    
         340   18.4390888       18.6341629    
         341   18.4661846       18.6537399    
         342   18.4932423       18.6644573    
         343   18.5202599       18.8069134    
         344   18.5472374       18.8152599    
         345   18.5741749       18.8673267    
         346   18.6010761       18.8949718    
         347   18.6279354       18.9288139    
         348   18.6547585       18.9602737    
         349   18.6815414       18.9721375    
         350   18.7082863       19.0481491    
         351   18.7349949       19.0515614    
         352   18.7616634       19.0770016    
         353   18.7882938       19.0936127    
         354   18.8148880       19.0937157    
         355   18.8414440       19.0989532    
         356   18.8679619       19.1174278    
         357   18.8944435       19.2188969    
         358   18.9208870       19.2401657    
         359   18.9472961       19.2614117    
         360   18.9736652       19.2759953    
         361   19.0000000       19.2928486    
         362   19.0262985       19.3117580    
         363   19.0525589       19.3608379    
         364   19.0787849       19.3741055    
         365   19.1049728       19.3992786    
         366   19.1311264       19.4141178    
         367   19.1572437       19.4704914    
         368   19.1833267       19.4807606    
         369   19.2093735       19.4877911    
         370   19.2353840       19.5153790    
         371   19.2613602       19.5191193    
         372   19.2873020       19.5600624    
         373   19.3132076       19.5777416    
         374   19.3390789       19.7004566    
         375   19.3649158       19.7042122    
         376   19.3907204       19.7093372    
         377   19.4164886       19.7460880    
         378   19.4422226       19.7686119    
         379   19.4679222       19.7789783    
         380   19.4935894       19.7802429    
         381   19.5192204       19.7881775    
         382   19.5448208       19.8328018    
         383   19.5703850       19.8445969    
         384   19.5959187       19.8971348    
         385   19.6214161       19.9253597    
         386   19.6468830       19.9406624    
         387   19.6723156       19.9504890    
         388   19.6977158       19.9938488    
         389   19.7230835       20.0052986    
         390   19.7484169       20.0781479    
         391   19.7737198       20.1482010    
         392   19.7989902       20.1740437    
         393   19.8242283       20.1742916    
         394   19.8494339       20.1814270    
         395   19.8746071       20.2455425    
         396   19.8997478       20.2947292    
         397   19.9248581       20.3048267    
         398   19.9499378       20.3239765    
         399   19.9749851       20.3576527    
         400   20.0000000       20.3711071    
         401   20.0249844       20.3752785    
         402   20.0499382       20.3924007    
         403   20.0748596       20.4131813    
         404   20.0997505       20.4369278    
         405   20.1246109       20.4577122    
         406   20.1494408       20.4823837    
         407   20.1742401       20.5224266    
         408   20.1990089       20.5548534    
         409   20.2237492       20.5645809    
         410   20.2484570       20.5955334    
         411   20.2731342       20.6266327    
         412   20.2977829       20.6367149    
         413   20.3224010       20.6826496    
         414   20.3469906       20.7074871    
         415   20.3715496       20.7253475    
         416   20.3960781       20.8201828    
         417   20.4205780       20.8300266    
         418   20.4450474       20.8532486    
         419   20.4694901       20.8833904    
         420   20.4939022       20.9324150    
         421   20.5182838       21.0183258    
         422   20.5426388       21.0560207    
         423   20.5669632       21.0927010    
         424   20.5912609       21.1064453    
         425   20.6155281       21.1180019    
         426   20.6397667       21.1317291    
         427   20.6639786       21.1919327    
         428   20.6881599       21.2238083    
         429   20.7123146       21.2566223    
         430   20.7364407       21.3205528    
         431   20.7605400       21.3282452    
         432   20.7846088       21.3457260    
         433   20.8086529       21.3465214    
         434   20.8326664       21.3724594    
         435   20.8566532       21.3821888    
         436   20.8806133       21.4683018    
         437   20.9045448       21.5190144    
         438   20.9284496       21.5365276    
         439   20.9523277       21.5498962    
         440   20.9761772       21.5656681    
         441   21.0000000       21.5765152    
         442   21.0237961       21.6221638    
         443   21.0475655       21.6226273    
         444   21.0713081       21.6451836    
         445   21.0950222       21.6762543    
         446   21.1187115       21.6852016    
         447   21.1423740       21.6947918    
         448   21.1660099       21.7622604    
         449   21.1896210       21.7872429    
         450   21.2132034       21.9085369    
         451   21.2367611       21.9335823    
         452   21.2602921       21.9347210    
         453   21.2837963       21.9353142    
         454   21.3072758       21.9519482    
         455   21.3307285       21.9767609    
         456   21.3541565       22.0155392    
         457   21.3775578       22.0665817    
         458   21.4009342       22.1061077    
         459   21.4242859       22.1065598    
         460   21.4476109       22.1265450    
         461   21.4709110       22.1266365    
         462   21.4941845       22.1436672    
         463   21.5174351       22.1700706    
         464   21.5406590       22.1709728    
         465   21.5638580       22.1991444    
         466   21.5870323       22.2206211    
         467   21.6101837       22.2229614    
         468   21.6333084       22.2761765    
         469   21.6564083       22.2820110    
         470   21.6794834       22.2828178    
         471   21.7025337       22.2841206    
         472   21.7255611       22.2987003    
         473   21.7485638       22.3320847    
         474   21.7715416       22.3511066    
         475   21.7944946       22.3765507    
         476   21.8174248       22.3873177    
         477   21.8403301       22.3943291    
         478   21.8632107       22.4175816    
         479   21.8860683       22.4434395    
         480   21.9089031       22.4559574    
         481   21.9317131       22.4560452    
         482   21.9544983       22.4701576    
         483   21.9772606       22.5011559    
         484   22.0000000       22.5151062    
         485   22.0227146       22.5306015    
         486   22.0454082       22.5859699    
         487   22.0680771       22.5872536    
         488   22.0907211       22.5987606    
         489   22.1133442       22.6019917    
         490   22.1359444       22.6080513    
         491   22.1585197       22.6194172    
         492   22.1810722       22.6205654    
         493   22.2036037       22.6340885    
         494   22.2261105       22.6480904    
         495   22.2485962       22.6525059    
         496   22.2710571       22.6526814    
         497   22.2934971       22.6594353    
         498   22.3159142       22.6607151    
         499   22.3383083       22.6882782    
         500   22.3606796       22.6955070    
         501   22.3830299       22.7153263    
         502   22.4053574       22.7280884    
         503   22.4276619       22.8047371    
         504   22.4499435       22.8065338    
         505   22.4722042       22.8406219    
         506   22.4944439       22.8963318    
         507   22.5166607       22.9006119    
         508   22.5388546       22.9292831    
         509   22.5610275       22.9468956    
         510   22.5831795       22.9586163    
         511   22.6053085       22.9593124    
         512   22.6274166       22.9876060    
         513   22.6495037       22.9942608    
         514   22.6715679       22.9986076    
         515   22.6936111       23.0108223    
         516   22.7156334       23.0171242    
         517   22.7376347       23.0240746    
         518   22.7596130       23.0494251    
         519   22.7815723       23.0739250    
         520   22.8035088       23.1003456    
         521   22.8254242       23.1016026    
         522   22.8473186       23.1024666    
         523   22.8691940       23.1258736    
         524   22.8910465       23.1357727    
         525   22.9128780       23.1593170    
         526   22.9346905       23.1959915    
         527   22.9564800       23.2241249    
         528   22.9782505       23.2346306    
         529   23.0000000       23.2553654    
         530   23.0217285       23.2626743    
         531   23.0434380       23.2901707    
         532   23.0651245       23.3037758    
         533   23.0867920       23.3205910    
         534   23.1084404       23.3330231    
         535   23.1300678       23.3717346    
         536   23.1516743       23.3830700    
         537   23.1732597       23.3997021    
         538   23.1948261       23.4397087    
         539   23.2163734       23.4407749    
         540   23.2378998       23.4563427    
         541   23.2594070       23.4731331    
         542   23.2808933       23.4759026    
         543   23.3023605       23.4846344    
         544   23.3238068       23.5056152    
         545   23.3452358       23.5185890    
         546   23.3666420       23.5602627    
         547   23.3880310       23.5791435    
         548   23.4093990       23.6060162    
         549   23.4307499       23.6262150    
         550   23.4520779       23.6507492    
         551   23.4733887       23.6820183    
         552   23.4946804       23.7185154    
         553   23.5159512       23.7480526    
         554   23.5372047       23.7494850    
         555   23.5584373       23.7752399    
         556   23.5796528       23.7850780    
         557   23.6008472       23.7958393    
         558   23.6220245       23.8051262    
         559   23.6431808       23.8281765    
         560   23.6643200       23.8510380    
         561   23.6854382       23.8763885    
         562   23.7065392       23.8987026    
         563   23.7276211       23.9037666    
         564   23.7486839       23.9130077    
         565   23.7697277       23.9533310    
         566   23.7907543       23.9535370    
         567   23.8117619       23.9821186    
         568   23.8327503       23.9869957    
         569   23.8537216       24.0290661    
         570   23.8746719       24.0294819    
         571   23.8956070       24.0365143    
         572   23.9165211       24.0636654    
         573   23.9374180       24.0663242    
         574   23.9582977       24.1513557    
         575   23.9791584       24.1550407    
         576   24.0000000       24.2004128    
         577   24.0208244       24.2130127    
         578   24.0416298       24.2372036    
         579   24.0624180       24.2386055    
         580   24.0831890       24.2864170    
         581   24.1039410       24.2983131    
         582   24.1246758       24.3262825    
         583   24.1453934       24.3414879    
         584   24.1660919       24.3610744    
         585   24.1867733       24.3735924    
         586   24.2074375       24.3881931    
         587   24.2280827       24.3974190    
         588   24.2487106       24.4305134    
         589   24.2693214       24.4374714    
         590   24.2899151       24.4444275    
         591   24.3104916       24.4485168    
         592   24.3310509       24.4549389    
         593   24.3515911       24.4696541    
         594   24.3721161       24.4717789    
         595   24.3926220       24.4761105    
         596   24.4131107       24.5370331    
         597   24.4335842       24.5539818    
         598   24.4540386       24.5550404    
         599   24.4744759       24.5806427    
         600   24.4948978       24.5814552    
         601   24.5153008       24.5834503    
         602   24.5356884       24.6142235    
         603   24.5560589       24.6499901    
         604   24.5764122       24.6810036    
         605   24.5967484       24.6927109    
         606   24.6170673       24.7149353    
         607   24.6373692       24.7196693    
         608   24.6576557       24.7669525    
         609   24.6779251       24.7682457    
         610   24.6981773       24.7874966    
         611   24.7184143       24.8314304    
         612   24.7386341       24.8347340    
         613   24.7588367       24.8799915    
         614   24.7790241       24.8828869    
         615   24.7991943       24.9054604    
         616   24.8193474       24.9215565    
         617   24.8394852       24.9450207    
         618   24.8596058       24.9801521    
         619   24.8797112       24.9805527    
         620   24.8997993       24.9873180    
         621   24.9198723       25.0398483    
         622   24.9399281       25.0465965    
         623   24.9599686       25.1150551    
         624   24.9799919       25.1191959    
         625   25.0000000       25.1551991    
         626   25.0199928       25.1727638    
         627   25.0399685       25.1750679    
         628   25.0599289       25.1895599    
         629   25.0798721       25.2229652    
         630   25.0998001       25.2322407    
         631   25.1197128       25.2628574    
         632   25.1396103       25.2742939    
         633   25.1594906       25.2902756    
         634   25.1793575       25.3226776    
         635   25.1992054       25.3240986    
         636   25.2190399       25.3370476    
         637   25.2388592       25.3424549    
         638   25.2586613       25.3699417    
         639   25.2784500       25.3743954    
         640   25.2982216       25.4098396    
         641   25.3179779       25.4404411    
         642   25.3377190       25.5000000    
         643   25.3574448       25.5868320    
         644   25.3771553       25.6151524    
         645   25.3968506       25.6324024    
         646   25.4165306       25.6372776    
         647   25.4361954       25.6473007    
         648   25.4558449       25.6529922    
         649   25.4754791       25.6674099    
         650   25.4950981       25.6761761    
         651   25.5147018       25.6799545    
         652   25.5342903       25.6844711    
         653   25.5538654       25.7075481    
         654   25.5734234       25.7114372    
         655   25.5929680       25.7222080    
         656   25.6124973       25.7227135    
         657   25.6320114       25.7322369    
         658   25.6515102       25.7650547    
         659   25.6709957       25.7796822    
         660   25.6904659       25.8290539    
         661   25.7099209       25.8343563    
         662   25.7293606       25.8614769    
         663   25.7487869       25.8627911    
         664   25.7681980       25.8792191    
         665   25.7875938       25.8874111    
         666   25.8069763       25.9155941    
         667   25.8263435       25.9296741    
         668   25.8456955       25.9409332    
         669   25.8650341       25.9645138    
         670   25.8843575       25.9943848    
         671   25.9036674       26.0047302    
         672   25.9229622       26.0066528    
         673   25.9422436       26.0135727    
         674   25.9615097       26.0319023    
         675   25.9807625       26.0689468    
         676   26.0000000       26.0867405    
         677   26.0192242       26.1621475    
         678   26.0384331       26.1695232    
         679   26.0576286       26.1710911    
         680   26.0768089       26.1750641    
         681   26.0959759       26.1783123    
         682   26.1151295       26.1807957    
         683   26.1342678       26.2052670    
         684   26.1533928       26.2117538    
         685   26.1725044       26.2375317    
         686   26.1916008       26.2747021    
         687   26.2106857       26.2823887    
         688   26.2297535       26.2873344    
         689   26.2488098       26.2989731    
         690   26.2678509       26.3501053    
         691   26.2868786       26.3654308    
         692   26.3058929       26.3722572    
         693   26.3248940       26.3874226    
         694   26.3438797       26.4406128    
         695   26.3628521       26.4890537    
         696   26.3818111       26.5038490    
         697   26.4007568       26.5601196    
         698   26.4196892       26.5607605    
         699   26.4386082       26.5982704    
         700   26.4575138       26.6183014    
         701   26.4764042       26.6201801    
         702   26.4952831       26.6460514    
         703   26.5141468       26.6698341    
         704   26.5329990       26.7142658    
         705   26.5518360       26.7433739    
         706   26.5706596       26.7475986    
         707   26.5894718       26.7513351    
         708   26.6082687       26.7532063    
         709   26.6270542       26.7604179    
         710   26.6458244       26.7820835    
         711   26.6645832       26.7942162    
         712   26.6833286       26.7985439    
         713   26.7020607       26.8082829    
         714   26.7207775       26.8143997    
         715   26.7394848       26.8311386    
         716   26.7581768       26.8812580    
         717   26.7768555       26.8894768    
         718   26.7955227       26.8913002    
         719   26.8141747       26.9009666    
         720   26.8328152       26.9319134    
         721   26.8514423       26.9469471    
         722   26.8700581       26.9506969    
         723   26.8886585       26.9617500    
         724   26.9072475       26.9641247    
         725   26.9258232       26.9856262    
         726   26.9443874       27.0007782    
         727   26.9629383       27.0058155    
         728   26.9814758       27.0329437    
         729   27.0000000       27.0439644    
         730   27.0185127       27.0506191    
         731   27.0370121       27.0524311    
         732   27.0554981       27.0545750    
         733   27.0739727       27.1543369    
         734   27.0924339       27.1601181    
         735   27.1108837       27.1832294    
         736   27.1293201       27.1968384    
         737   27.1477432       27.2462463    
         738   27.1661549       27.2931862    
         739   27.1845551       27.2955666    
         740   27.2029419       27.3146114    
         741   27.2213154       27.3554745    
         742   27.2396774       27.3643208    
         743   27.2580261       27.3778381    
         744   27.2763634       27.4178772    
         745   27.2946873       27.4480972    
         746   27.3129997       27.4836311    
         747   27.3313007       27.5023270    
         748   27.3495884       27.5337601    
         749   27.3678646       27.5619297    
         750   27.3861275       27.5880413    
         751   27.4043789       27.5927525    
         752   27.4226189       27.6081505    
         753   27.4408455       27.6241188    
         754   27.4590607       27.6434078    
         755   27.4772625       27.6639843    
         756   27.4954548       27.6760178    
         757   27.5136337       27.6893845    
         758   27.5317993       27.7015514    
         759   27.5499554       27.7774372    
         760   27.5680981       27.7966175    
         761   27.5862293       27.8015480    
         762   27.6043472       27.8183746    
         763   27.6224537       27.8386784    
         764   27.6405506       27.8552322    
         765   27.6586342       27.8574238    
         766   27.6767044       27.8748264    
         767   27.6947651       27.8788815    
         768   27.7128124       27.8855152    
         769   27.7308483       27.8976345    
         770   27.7488747       27.9189892    
         771   27.7668877       27.9310570    
         772   27.7848873       27.9400063    
         773   27.8028774       27.9829597    
         774   27.8208561       27.9984283    
         775   27.8388214       28.0020008    
         776   27.8567772       28.0294495    
         777   27.8747196       28.0557652    
         778   27.8926506       28.0703754    
         779   27.9105721       28.0889664    
         780   27.9284801       28.1353874    
         781   27.9463768       28.1451244    
         782   27.9642620       28.1819439    
         783   27.9821377       28.2148552    
         784   28.0000000       28.2157402    
         785   28.0178509       28.2503109    
         786   28.0356922       28.2704449    
         787   28.0535202       28.2816544    
         788   28.0713367       28.2955837    
         789   28.0891438       28.3100700    
         790   28.1069393       28.3619118    
         791   28.1247215       28.3710766    
         792   28.1424942       28.3842201    
         793   28.1602554       28.4138355    
         794   28.1780052       28.4300537    
         795   28.1957436       28.4405346    
         796   28.2134724       28.4422569    
         797   28.2311878       28.4539623    
         798   28.2488937       28.4560013    
         799   28.2665882       28.4932632    
         800   28.2842712       28.4973335    
         801   28.3019428       28.5114021    
         802   28.3196049       28.5386066    
         803   28.3372555       28.5723648    
         804   28.3548946       28.5826168    
         805   28.3725224       28.6063976    
         806   28.3901386       28.6089497    
         807   28.4077454       28.6128998    
         808   28.4253407       28.6180706    
         809   28.4429245       28.6424160    
         810   28.4604988       28.6563778    
         811   28.4780617       28.6624146    
         812   28.4956131       28.6714840    
         813   28.5131550       28.6731930    
         814   28.5306854       28.6787720    
         815   28.5482044       28.6944237    
         816   28.5657139       28.7348213    
         817   28.5832119       28.7536430    
         818   28.6006985       28.7866287    
         819   28.6181755       28.7894764    
         820   28.6356430       28.7949295    
         821   28.6530972       28.8150654    
         822   28.6705418       28.8205128    
         823   28.6879768       28.8663120    
         824   28.7054005       28.9063663    
         825   28.7228127       28.9098606    
         826   28.7402153       28.9150143    
         827   28.7576084       28.9156017    
         828   28.7749901       28.9159470    
         829   28.7923603       28.9247990    
         830   28.8097210       29.0326366    
         831   28.8270702       29.0608673    
         832   28.8444099       29.0622444    
         833   28.8617401       29.0748005    
         834   28.8790588       29.0754871    
         835   28.8963661       29.0844631    
         836   28.9136639       29.1018219    
         837   28.9309521       29.1257973    
         838   28.9482288       29.1456337    
         839   28.9654961       29.1755371    
         840   28.9827538       29.2072258    
         841   29.0000000       29.2139683    
         842   29.0172367       29.2159557    
         843   29.0344620       29.2168446    
         844   29.0516777       29.2293339    
         845   29.0688839       29.2298813    
         846   29.0860786       29.2587757    
         847   29.1032639       29.2797203    
         848   29.1204395       29.3005447    
         849   29.1376038       29.3128986    
         850   29.1547604       29.3260632    
         851   29.1719036       29.3344173    
         852   29.1890392       29.3399372    
         853   29.2061634       29.3428364    
         854   29.2232780       29.3461742    
         855   29.2403831       29.3576908    
         856   29.2574768       29.3692703    
         857   29.2745628       29.3781204    
         858   29.2916374       29.3806057    
         859   29.3087025       29.4095211    
         860   29.3257561       29.4332123    
         861   29.3428020       29.4432678    
         862   29.3598366       29.4525719    
         863   29.3768616       29.4583435    
         864   29.3938770       29.4890480    
         865   29.4108829       29.4932880    
         866   29.4278774       29.4990501    
         867   29.4448643       29.5017624    
         868   29.4618397       29.5914516    
         869   29.4788055       29.6412888    
         870   29.4957619       29.6803989    
         871   29.5127087       29.7168312    
         872   29.5296459       29.7257462    
         873   29.5465736       29.7623920    
         874   29.5634918       29.7625256    
         875   29.5803986       29.7674313    
         876   29.5972977       29.7808666    
         877   29.6141853       29.7994633    
         878   29.6310654       29.8273697    
         879   29.6479340       29.8393021    
         880   29.6647930       29.8526039    
         881   29.6816444       29.8575954    
         882   29.6984844       29.8616810    
         883   29.7153168       29.8850136    
         884   29.7321377       29.8933773    
         885   29.7489491       29.9100990    
         886   29.7657528       29.9252071    
         887   29.7825451       29.9530296    
         888   29.7993298       29.9722881    
         889   29.8161030       30.0059338    
         890   29.8328686       30.0070667    
         891   29.8496227       30.0073318    
         892   29.8663692       30.0164623    
         893   29.8831062       30.0504589    
         894   29.8998337       30.0830517    
         895   29.9165497       30.0963440    
         896   29.9332600       30.1044846    
         897   29.9499588       30.1096992    
         898   29.9666481       30.1358585    
         899   29.9833279       30.1413002    
         900   30.0000000       30.1564922    
         901   30.0166626       30.2074165    
         902   30.0333157       30.2102299    
         903   30.0499592       30.2198277    
         904   30.0665932       30.2563705    
         905   30.0832176       30.2566357    
         906   30.0998344       30.2640705    
         907   30.1164398       30.2934647    
         908   30.1330376       30.3784466    
         909   30.1496277       30.3843708    
         910   30.1662064       30.3950653    
         911   30.1827774       30.4020386    
         912   30.1993370       30.4192047    
         913   30.2158890       30.4239712    
         914   30.2324333       30.4320221    
         915   30.2489662       30.4431267    
         916   30.2654915       30.4699841    
         917   30.2820072       30.4852753    
         918   30.2985153       30.4895401    
         919   30.3150120       30.5029507    
         920   30.3315010       30.5315247    
         921   30.3479824       30.5802879    
         922   30.3644524       30.5838528    
         923   30.3809147       30.5875473    
         924   30.3973675       30.5878735    
         925   30.4138126       30.5973530    
         926   30.4302483       30.6179028    
         927   30.4466743       30.6324348    
         928   30.4630928       30.6413116    
         929   30.4795017       30.6637897    
         930   30.4959011       30.8106480    
         931   30.5122929       30.8441563    
         932   30.5286751       30.8585815    
         933   30.5450478       30.8670044    
         934   30.5614128       30.9040775    
         935   30.5777702       30.9045944    
         936   30.5941162       30.9345112    
         937   30.6104565       30.9362240    
         938   30.6267853       30.9380989    
         939   30.6431065       30.9381332    
         940   30.6594200       30.9387779    
         941   30.6757240       30.9781857    
         942   30.6920185       31.0005150    
         943   30.7083054       31.0055809    
         944   30.7245827       31.0513763    
         945   30.7408524       31.0575905    
         946   30.7571125       31.0661240    
         947   30.7733650       31.0925388    
         948   30.7896080       31.0957546    
         949   30.8058434       31.1112518    
         950   30.8220692       31.1249104    
         951   30.8382874       31.1392040    
         952   30.8544979       31.1474228    
         953   30.8706989       31.1485157    
         954   30.8868904       31.1670666    
         955   30.9030743       31.1678677    
         956   30.9192505       31.1797371    
         957   30.9354172       31.2013454    
         958   30.9515743       31.2268791    
         959   30.9677258       31.2330589    
         960   30.9838676       31.2346611    
         961   31.0000000       31.2623730    
         962   31.0161247       31.2938652    
         963   31.0322418       31.3853149    
         964   31.0483494       31.4156647    
         965   31.0644493       31.4630585    
         966   31.0805397       31.5175819    
         967   31.0966244       31.5435257    
         968   31.1126976       31.5633335    
         969   31.1287651       31.5778084    
         970   31.1448231       31.6312828    
         971   31.1608734       31.6533089    
         972   31.1769142       31.6533089    
         973   31.1929474       31.6565952    
         974   31.2089729       31.6726704    
         975   31.2249908       31.6854229    
         976   31.2409992       31.6933117    
         977   31.2570000       31.7191734    
         978   31.2729912       31.7708359    
         979   31.2889748       31.7882690    
         980   31.3049526       31.8257751    
         981   31.3209190       31.8298607    
         982   31.3368797       31.8359547    
         983   31.3528309       31.8421421    
         984   31.3687744       31.8539791    
         985   31.3847103       31.8823776    
         986   31.4006367       31.8975544    
         987   31.4165554       31.9023514    
         988   31.4324665       31.9141655    
         989   31.4483700       31.9173317    
         990   31.4642658       31.9625721    
         991   31.4801521       31.9768677    
         992   31.4960308       32.0049973    
         993   31.5119019       32.0062790    
         994   31.5277653       32.0101852    
         995   31.5436211       32.0142479    
         996   31.5594673       32.0190277    
         997   31.5753059       32.0251465    
         998   31.5911388       32.0596313    
         999   31.6069622       32.0636253    
        1000   31.6227760       32.0960426    
