 # x         y        
 -0.962100029       0.00000000    
  -3.64635587E-02   0.00000000    
  0.854091287       0.00000000    
  0.854091287      0.856802881    
  0.854091287       1.68113303    
  0.854091287       2.47422099    
   9.10613537E-02   2.47422099    
   9.10613537E-02   3.20833206    
   9.10613537E-02   3.91462040    
   9.10613537E-02   3.23510027    
  0.744827628       3.23510027    
  0.744827628       3.86408877    
  0.744827628       4.46923876    
  0.744827628       5.05145359    
  0.744827628       5.61160231    
  0.205908418       5.61160231    
  0.205908418       5.09310818    
  0.704751730       5.09310818    
  0.704751730       4.61317110    
  0.704751730       4.15142345    
   1.14899909       4.15142345    
   1.57640946       4.15142345    
   1.57640946       4.56263494    
   1.97203612       4.56263494    
   1.97203612       4.94326735    
   1.60582972       4.94326735    
   1.95815694       4.94326735    
   1.61918294       4.94326735    
   1.61918294       4.61714029    
   1.30541623       4.61714029    
   1.60729122       4.61714029    
   1.89772511       4.61714029    
   2.17715168       4.61714029    
   2.17715168       4.34830427    
   1.91850436       4.34830427    
   1.91850436       4.09945965    
   1.91850436       3.86004615    
   2.14884400       3.86004615    
   2.14884400       3.63843632    
   2.14884400       3.42522550    
   2.14884400       3.22009540    
   1.95148838       3.22009540    
   1.95148838       3.03021955    
   1.95148838       2.84753990    
   1.77573228       2.84753990    
   1.60663736       2.84753990    
   1.60663736       2.68485379    
   1.45011699       2.68485379    
   1.29952872       2.68485379    
   1.29952872       2.53997278    
   1.29952872       2.67936277    
   1.43363583       2.67936277    
   1.43363583       2.55033827    
   1.55777025       2.55033827    
   1.67719996       2.55033827    
   1.56229663       2.55033827    
   1.45174813       2.55033827    
   1.45174813       2.44397950    
   1.34942031       2.44397950    
   1.44786990       2.44397950    
   1.35315156       2.44397950    
   1.26202309       2.44397950    
   1.26202309       2.35630488    
   1.26202309       2.44065666    
   1.26202309       2.35950184    
   1.26202309       2.43758106    
   1.33714306       2.43758106    
   1.26487017       2.43758106    
   1.19533634       2.43758106    
   1.12843788       2.43758106    
   1.19280088       2.43758106    
   1.25472450       2.43758106    
   1.25472450       2.37800431    
   1.25472450       2.43532300    
   1.30987096       2.43532300    
   1.30987096       2.48837924    
   1.36091650       2.48837924    
   1.36091650       2.43926835    
   1.36091650       2.39201880    
   1.36091650       2.43747759    
   1.36091650       2.48121357    
   1.36091650       2.52329183    
   1.36091650       2.56377530    
   1.36091650       2.60272455    
   1.39838958       2.60272455    
   1.39838958       2.63877749    
   1.39838958       2.60409093    
   1.43176138       2.60409093    
   1.46386838       2.60409093    
   1.43297815       2.60409093    
   1.40325868       2.60409093    
   1.37466562       2.60409093    
   1.34715617       2.60409093    
   1.34715617       2.63055778    
   1.34715617       2.60509396    
   1.37165475       2.60509396    
   1.34808457       2.60509396    
   1.32540774       2.60509396    
   1.32540774       2.58327651    
   1.32540774       2.56228590    
   1.32540774       2.54209089    
   1.32540774       2.56152058    
   1.34410095       2.56152058    
   1.34410095       2.57950521    
   1.34410095       2.59680820    
   1.32745361       2.59680820    
   1.31143725       2.59680820    
   1.31143725       2.58139873    
   1.31143725       2.56657338    
   1.32570076       2.56657338    
   1.33942366       2.56657338    
   1.33942366       2.57977629    
   1.33942366       2.56707382    
   1.33942366       2.57929492    
   1.33942366       2.56753707    
   1.33942366       2.57884932    
   1.33942366       2.56796575    
   1.34989464       2.56796575    
   1.35996878       2.56796575    
   1.35996878       2.57765818    
   1.35996878       2.56833315    
   1.36894035       2.56833315    
   1.36894035       2.57696462    
   1.36894035       2.58526897    
   1.36095071       2.58526897    
   1.36095071       2.59295583    
   1.36095071       2.58556032    
   1.36806595       2.58556032    
   1.37491155       2.58556032    
   1.37491155       2.57897425    
   1.37491155       2.57263780    
   1.37491155       2.57873416    
   1.36904621       2.57873416    
   1.36340320       2.57873416    
   1.36340320       2.57330513    
   1.35817981       2.57330513    
   1.35817981       2.56827974    
   1.35817981       2.57311463    
   1.35817981       2.57776642    
   1.35817981       2.57329106    
   1.35387397       2.57329106    
   1.35801661       2.57329106    
   1.36200225       2.57329106    
   1.36583674       2.57329106    
   1.36214757       2.57329106    
   1.36569691       2.57329106    
   1.36228204       2.57329106    
   1.36556745       2.57329106    
   1.36556745       2.57013011    
   1.36252630       2.57013011    
   1.36252630       2.57305598    
   1.35971129       2.57305598    
   1.36241961       2.57305598    
   1.36241961       2.57045031    
   1.36241961       2.56794333    
   1.36483145       2.56794333    
   1.36715198       2.56794333    
   1.36715198       2.57017589    
   1.36500406       2.57017589    
   1.36500406       2.56810927    
   1.36500406       2.56612110    
   1.36500406       2.56420827    
   1.36500406       2.56236792    
   1.36677468       2.56236792    
   1.36847818       2.56236792    
   1.36683929       2.56236792    
   1.36683929       2.56079102    
   1.36683929       2.56230807    
   1.36829889       2.56230807    
   1.36829889       2.56371236    
   1.36829889       2.56506348    
   1.36699903       2.56506348    
   1.36574852       2.56506348    
   1.36695170       2.56506348    
   1.36695170       2.56622100    
   1.36695170       2.56733465    
   1.36695170       2.56840611    
   1.36798263       2.56840611    
   1.36897445       2.56840611    
   1.36897445       2.56745195    
   1.36897445       2.56837010    
   1.36897445       2.56925344    
   1.36982417       2.56925344    
   1.36982417       2.57007098    
   1.36903763       2.57007098    
   1.36903763       2.57082772    
   1.36903763       2.57155585    
   1.36833715       2.57155585    
   1.36833715       2.57222986    
   1.36898553       2.57222986    
   1.36898553       2.57160592    
   1.36898553       2.57100582    
   1.36898553       2.57158327    
   1.36954105       2.57158327    
   1.36954105       2.57211781    
   1.36954105       2.57263207    
   1.37003577       2.57263207    
   1.36955976       2.57263207    
   1.37001777       2.57263207    
   1.36957717       2.57263207    
   1.37000108       2.57263207    
   1.36959326       2.57263207    
   1.36959326       2.57302451    
   1.36959326       2.57264709    
   1.36959326       2.57301021    
   1.36994267       2.57301021    
   1.36994267       2.57334638    
   1.36994267       2.57302284    
   1.36963153       2.57302284    
   1.36933208       2.57302284    
   1.36962008       2.57302284    
   1.36962008       2.57274580    
   1.36962008       2.57247925    
   1.36962008       2.57222271    
   1.36962008       2.57246947    
   1.36938262       2.57246947    
   1.36938262       2.57269788    
   1.36960244       2.57269788    
   1.36960244       2.57248640    
   1.36960244       2.57228303    
   1.36960244       2.57208729    
   1.36960244       2.57189894    
   1.36960244       2.57208014    
   1.36960244       2.57190585    
   1.36943471       2.57190585    
   1.36943471       2.57206726    
   1.36927950       2.57206726    
   1.36927950       2.57221651    
   1.36913586       2.57221651    
   1.36913586       2.57207823    
   1.36926889       2.57207823    
   1.36939681       2.57207823    
   1.36927366       2.57207823    
   1.36927366       2.57195973    
   1.36927366       2.57184577    
   1.36916399       2.57184577    
   1.36916399       2.57174039    
   1.36916399       2.57163882    
   1.36926162       2.57163882    
   1.36926162       2.57173276    
   1.36926162       2.57164240    
   1.36917472       2.57164240    
   1.36925840       2.57164240    
   1.36925840       2.57172298    
   1.36918092       2.57172298    
   1.36918092       2.57179737    
   1.36925256       2.57179737    
   1.36925256       2.57186627    
   1.36931896       2.57186627    
   1.36925519       2.57186627    
   1.36919379       2.57186627    
   1.36913466       2.57186627    
   1.36913466       2.57180953    
   1.36913466       2.57186413    
   1.36913466       2.57191682    
   1.36918533       2.57191682    
   1.36913657       2.57191682    
   1.36908972       2.57191682    
   1.36913478       2.57191682    
   1.36913478       2.57196021    
   1.36917651       2.57196021    
   1.36921668       2.57196021    
   1.36917806       2.57196021    
   1.36917806       2.57192302    
   1.36917806       2.57188725    
   1.36917806       2.57192159    
   1.36917806       2.57188845    
   1.36920989       2.57188845    
   1.36920989       2.57185793    
   1.36923933       2.57185793    
   1.36923933       2.57182956    
   1.36926663       2.57182956    
   1.36924040       2.57182956    
   1.36924040       2.57180429    
   1.36921608       2.57180429    
   1.36923945       2.57180429    
   1.36921692       2.57180429    
   1.36921692       2.57182598    
   1.36921692       2.57180524    
   1.36921692       2.57182527    
   1.36921692       2.57180595    
   1.36919832       2.57180595    
   1.36919832       2.57178807    
   1.36919832       2.57180524    
   1.36919832       2.57178879    
   1.36918247       2.57178879    
   1.36919773       2.57178879    
   1.36921239       2.57178879    
   1.36921239       2.57180285    
   1.36921239       2.57181644    
   1.36921239       2.57180333    
   1.36919975       2.57180333    
   1.36921191       2.57180333    
   1.36921191       2.57181501    
   1.36920071       2.57181501    
   1.36920071       2.57180429    
   1.36921108       2.57180429    
   1.36921108       2.57179427    
   1.36921108       2.57180381    
   1.36922038       2.57180381    
   1.36922038       2.57181263    
   1.36922038       2.57182121    
   1.36921215       2.57182121    
   1.36920428       2.57182121    
   1.36921191       2.57182121    
   1.36921930       2.57182121    
   1.36921227       2.57182121    
   1.36920547       2.57182121    
   1.36919892       2.57182121    
   1.36919892       2.57181501    
   1.36920500       2.57181501    
   1.36921084       2.57181501    
   1.36921084       2.57180953    
   1.36921084       2.57181501    
   1.36921084       2.57180977    
   1.36921084       2.57180476    
   1.36920607       2.57180476    
   1.36920607       2.57180023    
   1.36920607       2.57179570    
   1.36921036       2.57179570    
   1.36921036       2.57179165    
   1.36921036       2.57179570    
   1.36921036       2.57179189    
   1.36921036       2.57179546    
   1.36921036       2.57179904    
   1.36920702       2.57179904    
   1.36920381       2.57179904    
   1.36920071       2.57179904    
   1.36920369       2.57179904    
   1.36920369       2.57179618    
   1.36920643       2.57179618    
   1.36920643       2.57179880    
   1.36920381       2.57179880    
   1.36920381       2.57179642    
   1.36920381       2.57179403    
   1.36920381       2.57179642    
   1.36920607       2.57179642    
   1.36920822       2.57179642    
   1.36920822       2.57179856    
   1.36921024       2.57179856    
   1.36921215       2.57179856    
   1.36921036       2.57179856    
   1.36921036       2.57180023    
   1.36920869       2.57180023    
   1.36920869       2.57179856    
   1.36920869       2.57179689    
   1.36921024       2.57179689    
   1.36921024       2.57179546    
   1.36920881       2.57179546    
   1.36920881       2.57179403    
   1.36920881       2.57179523    
   1.36920762       2.57179523    
   1.36920643       2.57179523    
   1.36920524       2.57179523    
   1.36920524       2.57179403    
   1.36920524       2.57179308    
   1.36920416       2.57179308    
   1.36920512       2.57179308    
   1.36920512       2.57179213    
   1.36920607       2.57179213    
   1.36920607       2.57179117    
   1.36920524       2.57179117    
   1.36920524       2.57179046    
   1.36920440       2.57179046    
   1.36920440       2.57179117    
   1.36920369       2.57179117    
   1.36920440       2.57179117    
   1.36920440       2.57179046    
   1.36920440       2.57178974    
   1.36920440       2.57178903    
   1.36920440       2.57178950    
   1.36920381       2.57178950    
   1.36920381       2.57178903    
   1.36920333       2.57178903    
   1.36920333       2.57178950    
   1.36920333       2.57178998    
   1.36920333       2.57179046    
   1.36920333       2.57179093    
   1.36920285       2.57179093    
   1.36920285       2.57179141    
   1.36920249       2.57179141    
   1.36920214       2.57179141    
   1.36920214       2.57179093    
   1.36920178       2.57179093    
   1.36920214       2.57179093    
   1.36920178       2.57179093    
   1.36920214       2.57179093    
   1.36920178       2.57179093    
   1.36920154       2.57179093    
   1.36920154       2.57179070    
   1.36920154       2.57179046    
   1.36920154       2.57179022    
   1.36920154       2.57179046    
   1.36920130       2.57179046    
   1.36920154       2.57179046    
   1.36920130       2.57179046    
   1.36920130       2.57179070    
   1.36920154       2.57179070    
   1.36920178       2.57179070    
   1.36920202       2.57179070    
   1.36920178       2.57179070    
   1.36920202       2.57179070    
   1.36920190       2.57179070    
   1.36920190       2.57179046    
   1.36920178       2.57179046    
   1.36920166       2.57179046    
   1.36920178       2.57179046    
   1.36920190       2.57179046    
   1.36920202       2.57179046    
   1.36920202       2.57179022    
   1.36920214       2.57179022    
   1.36920226       2.57179022    
   1.36920226       2.57179022    
   1.36920226       2.57179022    
   1.36920226       2.57179022    
   1.36920238       2.57179022    
   1.36920226       2.57179022    
   1.36920226       2.57179022    
   1.36920214       2.57179022    
   1.36920214       2.57179022    
   1.36920214       2.57179022    
   1.36920214       2.57179022    
   1.36920226       2.57179022    
   1.36920226       2.57179022    
   1.36920226       2.57179022    
   1.36920226       2.57179022    
   1.36920238       2.57179022    
   1.36920226       2.57179022    
   1.36920226       2.57179022    
   1.36920226       2.57179022    
   1.36920226       2.57179022    
   1.36920226       2.57179022    
   1.36920226       2.57179022    
   1.36920226       2.57179022    
   1.36920226       2.57179022    
   1.36920226       2.57179022    
   1.36920226       2.57179022    
   1.36920226       2.57179022    
   1.36920226       2.57179022    
   1.36920226       2.57179022    
   1.36920226       2.57179022    
   1.36920226       2.57179022    
   1.36920226       2.57179022    
   1.36920226       2.57179022    
   1.36920226       2.57179022    
   1.36920226       2.57179022    
   1.36920226       2.57179022    
   1.36920226       2.57179022    
   1.36920226       2.57179022    
   1.36920226       2.57179022    
   1.36920226       2.57179022    
   1.36920226       2.57179022    
   1.36920226       2.57179022    
   1.36920226       2.57179022    
   1.36920226       2.57179022    
   1.36920226       2.57179022    
   1.36920226       2.57179022    
   1.36920226       2.57179022    
   1.36920226       2.57179022    
   1.36920226       2.57179022    
   1.36920226       2.57179022    
   1.36920226       2.57179022    
   1.36920226       2.57179022    
   1.36920226       2.57179022    
   1.36920226       2.57179022    
   1.36920226       2.57179022    
   1.36920226       2.57179022    
   1.36920226       2.57179022    
   1.36920226       2.57179022    
   1.36920226       2.57179022    
   1.36920226       2.57179022    
   1.36920226       2.57179022    
   1.36920226       2.57179022    
   1.36920226       2.57179022    
   1.36920226       2.57179022    
   1.36920226       2.57179022    
   1.36920226       2.57179022    
   1.36920226       2.57179022    
   1.36920226       2.57179022    
   1.36920226       2.57179022    
   1.36920226       2.57179022    
   1.36920226       2.57179022    
   1.36920226       2.57179022    
   1.36920226       2.57179022    
   1.36920226       2.57179022    
   1.36920226       2.57179022    
   1.36920226       2.57179022    
   1.36920226       2.57179022    
   1.36920226       2.57179022    
   1.36920226       2.57179022    
   1.36920226       2.57179022    
   1.36920226       2.57179022    
   1.36920226       2.57179022    
   1.36920226       2.57179022    
   1.36920226       2.57179022    
   1.36920226       2.57179022    
   1.36920226       2.57179022    
   1.36920226       2.57179022    
   1.36920226       2.57179022    
   1.36920226       2.57179022    
   1.36920226       2.57179022    
   1.36920226       2.57179022    
   1.36920226       2.57179022    
   1.36920226       2.57179022    
   1.36920226       2.57179022    
   1.36920226       2.57179022    
   1.36920226       2.57179022    
   1.36920226       2.57179022    
   1.36920226       2.57179022    
   1.36920226       2.57179022    
   1.36920226       2.57179022    
   1.36920226       2.57179022    
   1.36920226       2.57179022    
   1.36920226       2.57179022    
   1.36920226       2.57179022    
   1.36920226       2.57179022    
   1.36920226       2.57179022    
   1.36920226       2.57179022    
   1.36920226       2.57179022    
   1.36920226       2.57179022    
   1.36920226       2.57179022    
   1.36920226       2.57179022    
   1.36920226       2.57179022    
   1.36920226       2.57179022    
   1.36920226       2.57179022    
   1.36920226       2.57179022    
   1.36920226       2.57179022    
   1.36920226       2.57179022    
   1.36920226       2.57179022    
   1.36920226       2.57179022    
   1.36920226       2.57179022    
   1.36920226       2.57179022    
   1.36920226       2.57179022    
   1.36920226       2.57179022    
   1.36920226       2.57179022    
   1.36920226       2.57179022    
   1.36920226       2.57179022    
   1.36920226       2.57179022    
   1.36920226       2.57179022    
   1.36920226       2.57179022    
   1.36920226       2.57179022    
   1.36920226       2.57179022    
   1.36920226       2.57179022    
   1.36920226       2.57179022    
   1.36920226       2.57179022    
   1.36920226       2.57179022    
   1.36920226       2.57179022    
   1.36920226       2.57179022    
   1.36920226       2.57179022    
   1.36920226       2.57179022    
   1.36920226       2.57179022    
   1.36920226       2.57179022    
   1.36920226       2.57179022    
   1.36920226       2.57179022    
   1.36920226       2.57179022    
   1.36920226       2.57179022    
   1.36920226       2.57179022    
   1.36920226       2.57179022    
   1.36920226       2.57179022    
   1.36920226       2.57179022    
   1.36920226       2.57179022    
   1.36920226       2.57179022    
   1.36920226       2.57179022    
   1.36920226       2.57179022    
   1.36920226       2.57179022    
   1.36920226       2.57179022    
   1.36920226       2.57179022    
   1.36920226       2.57179022    
   1.36920226       2.57179022    
   1.36920226       2.57179022    
   1.36920226       2.57179022    
   1.36920226       2.57179022    
   1.36920226       2.57179022    
   1.36920226       2.57179022    
   1.36920226       2.57179022    
   1.36920226       2.57179022    
   1.36920226       2.57179022    
   1.36920226       2.57179022    
   1.36920226       2.57179022    
   1.36920226       2.57179022    
   1.36920226       2.57179022    
   1.36920226       2.57179022    
   1.36920226       2.57179022    
   1.36920226       2.57179022    
   1.36920226       2.57179022    
   1.36920226       2.57179022    
   1.36920226       2.57179022    
   1.36920226       2.57179022    
   1.36920226       2.57179022    
   1.36920226       2.57179022    
   1.36920226       2.57179022    
   1.36920226       2.57179022    
   1.36920226       2.57179022    
   1.36920226       2.57179022    
   1.36920226       2.57179022    
   1.36920226       2.57179022    
   1.36920226       2.57179022    
   1.36920226       2.57179022    
   1.36920226       2.57179022    
   1.36920226       2.57179022    
   1.36920226       2.57179022    
   1.36920226       2.57179022    
   1.36920226       2.57179022    
   1.36920226       2.57179022    
   1.36920226       2.57179022    
   1.36920226       2.57179022    
   1.36920226       2.57179022    
   1.36920226       2.57179022    
   1.36920226       2.57179022    
   1.36920226       2.57179022    
   1.36920226       2.57179022    
   1.36920226       2.57179022    
   1.36920226       2.57179022    
   1.36920226       2.57179022    
   1.36920226       2.57179022    
   1.36920226       2.57179022    
   1.36920226       2.57179022    
   1.36920226       2.57179022    
   1.36920226       2.57179022    
   1.36920226       2.57179022    
   1.36920226       2.57179022    
   1.36920226       2.57179022    
   1.36920226       2.57179022    
   1.36920226       2.57179022    
   1.36920226       2.57179022    
   1.36920226       2.57179022    
   1.36920226       2.57179022    
   1.36920226       2.57179022    
   1.36920226       2.57179022    
   1.36920226       2.57179022    
   1.36920226       2.57179022    
   1.36920226       2.57179022    
   1.36920226       2.57179022    
   1.36920226       2.57179022    
   1.36920226       2.57179022    
   1.36920226       2.57179022    
   1.36920226       2.57179022    
   1.36920226       2.57179022    
   1.36920226       2.57179022    
   1.36920226       2.57179022    
   1.36920226       2.57179022    
   1.36920226       2.57179022    
   1.36920226       2.57179022    
   1.36920226       2.57179022    
   1.36920226       2.57179022    
   1.36920226       2.57179022    
   1.36920226       2.57179022    
   1.36920226       2.57179022    
   1.36920226       2.57179022    
   1.36920226       2.57179022    
   1.36920226       2.57179022    
   1.36920226       2.57179022    
   1.36920226       2.57179022    
   1.36920226       2.57179022    
   1.36920226       2.57179022    
   1.36920226       2.57179022    
   1.36920226       2.57179022    
   1.36920226       2.57179022    
   1.36920226       2.57179022    
   1.36920226       2.57179022    
   1.36920226       2.57179022    
   1.36920226       2.57179022    
   1.36920226       2.57179022    
   1.36920226       2.57179022    
   1.36920226       2.57179022    
   1.36920226       2.57179022    
   1.36920226       2.57179022    
   1.36920226       2.57179022    
   1.36920226       2.57179022    
   1.36920226       2.57179022    
   1.36920226       2.57179022    
   1.36920226       2.57179022    
   1.36920226       2.57179022    
   1.36920226       2.57179022    
   1.36920226       2.57179022    
   1.36920226       2.57179022    
   1.36920226       2.57179022    
   1.36920226       2.57179022    
   1.36920226       2.57179022    
   1.36920226       2.57179022    
   1.36920226       2.57179022    
   1.36920226       2.57179022    
   1.36920226       2.57179022    
   1.36920226       2.57179022    
   1.36920226       2.57179022    
   1.36920226       2.57179022    
   1.36920226       2.57179022    
   1.36920226       2.57179022    
   1.36920226       2.57179022    
   1.36920226       2.57179022    
   1.36920226       2.57179022    
   1.36920226       2.57179022    
   1.36920226       2.57179022    
   1.36920226       2.57179022    
   1.36920226       2.57179022    
   1.36920226       2.57179022    
   1.36920226       2.57179022    
   1.36920226       2.57179022    
   1.36920226       2.57179022    
   1.36920226       2.57179022    
   1.36920226       2.57179022    
   1.36920226       2.57179022    
   1.36920226       2.57179022    
   1.36920226       2.57179022    
   1.36920226       2.57179022    
   1.36920226       2.57179022    
   1.36920226       2.57179022    
   1.36920226       2.57179022    
   1.36920226       2.57179022    
   1.36920226       2.57179022    
   1.36920226       2.57179022    
   1.36920226       2.57179022    
   1.36920226       2.57179022    
   1.36920226       2.57179022    
   1.36920226       2.57179022    
   1.36920226       2.57179022    
   1.36920226       2.57179022    
   1.36920226       2.57179022    
   1.36920226       2.57179022    
   1.36920226       2.57179022    
   1.36920226       2.57179022    
   1.36920226       2.57179022    
   1.36920226       2.57179022    
   1.36920226       2.57179022    
   1.36920226       2.57179022    
   1.36920226       2.57179022    
   1.36920226       2.57179022    
   1.36920226       2.57179022    
   1.36920226       2.57179022    
   1.36920226       2.57179022    
   1.36920226       2.57179022    
   1.36920226       2.57179022    
   1.36920226       2.57179022    
   1.36920226       2.57179022    
   1.36920226       2.57179022    
   1.36920226       2.57179022    
   1.36920226       2.57179022    
   1.36920226       2.57179022    
   1.36920226       2.57179022    
   1.36920226       2.57179022    
   1.36920226       2.57179022    
   1.36920226       2.57179022    
   1.36920226       2.57179022    
   1.36920226       2.57179022    
   1.36920226       2.57179022    
   1.36920226       2.57179022    
   1.36920226       2.57179022    
   1.36920226       2.57179022    
   1.36920226       2.57179022    
   1.36920226       2.57179022    
   1.36920226       2.57179022    
   1.36920226       2.57179022    
   1.36920226       2.57179022    
   1.36920226       2.57179022    
   1.36920226       2.57179022    
   1.36920226       2.57179022    
   1.36920226       2.57179022    
   1.36920226       2.57179022    
   1.36920226       2.57179022    
   1.36920226       2.57179022    
   1.36920226       2.57179022    
   1.36920226       2.57179022    
   1.36920226       2.57179022    
   1.36920226       2.57179022    
   1.36920226       2.57179022    
   1.36920226       2.57179022    
   1.36920226       2.57179022    
   1.36920226       2.57179022    
   1.36920226       2.57179022    
   1.36920226       2.57179022    
   1.36920226       2.57179022    
   1.36920226       2.57179022    
   1.36920226       2.57179022    
   1.36920226       2.57179022    
   1.36920226       2.57179022    
   1.36920226       2.57179022    
   1.36920226       2.57179022    
   1.36920226       2.57179022    
   1.36920226       2.57179022    
   1.36920226       2.57179022    
   1.36920226       2.57179022    
   1.36920226       2.57179022    
   1.36920226       2.57179022    
   1.36920226       2.57179022    
   1.36920226       2.57179022    
   1.36920226       2.57179022    
   1.36920226       2.57179022    
   1.36920226       2.57179022    
   1.36920226       2.57179022    
   1.36920226       2.57179022    
   1.36920226       2.57179022    
   1.36920226       2.57179022    
   1.36920226       2.57179022    
   1.36920226       2.57179022    
   1.36920226       2.57179022    
   1.36920226       2.57179022    
   1.36920226       2.57179022    
   1.36920226       2.57179022    
   1.36920226       2.57179022    
   1.36920226       2.57179022    
   1.36920226       2.57179022    
   1.36920226       2.57179022    
   1.36920226       2.57179022    
   1.36920226       2.57179022    
   1.36920226       2.57179022    
   1.36920226       2.57179022    
   1.36920226       2.57179022    
   1.36920226       2.57179022    
   1.36920226       2.57179022    
   1.36920226       2.57179022    
   1.36920226       2.57179022    
   1.36920226       2.57179022    
   1.36920226       2.57179022    
   1.36920226       2.57179022    
   1.36920226       2.57179022    
   1.36920226       2.57179022    
   1.36920226       2.57179022    
   1.36920226       2.57179022    
   1.36920226       2.57179022    
   1.36920226       2.57179022    
   1.36920226       2.57179022    
   1.36920226       2.57179022    
   1.36920226       2.57179022    
   1.36920226       2.57179022    
   1.36920226       2.57179022    
   1.36920226       2.57179022    
   1.36920226       2.57179022    
   1.36920226       2.57179022    
   1.36920226       2.57179022    
   1.36920226       2.57179022    
   1.36920226       2.57179022    
   1.36920226       2.57179022    
   1.36920226       2.57179022    
   1.36920226       2.57179022    
   1.36920226       2.57179022    
   1.36920226       2.57179022    
   1.36920226       2.57179022    
   1.36920226       2.57179022    
   1.36920226       2.57179022    
   1.36920226       2.57179022    
   1.36920226       2.57179022    
   1.36920226       2.57179022    
   1.36920226       2.57179022    
   1.36920226       2.57179022    
   1.36920226       2.57179022    
   1.36920226       2.57179022    
   1.36920226       2.57179022    
   1.36920226       2.57179022    
   1.36920226       2.57179022    
   1.36920226       2.57179022    
   1.36920226       2.57179022    
   1.36920226       2.57179022    
   1.36920226       2.57179022    
   1.36920226       2.57179022    
   1.36920226       2.57179022    
   1.36920226       2.57179022    
   1.36920226       2.57179022    
   1.36920226       2.57179022    
   1.36920226       2.57179022    
   1.36920226       2.57179022    
   1.36920226       2.57179022    
   1.36920226       2.57179022    
   1.36920226       2.57179022    
   1.36920226       2.57179022    
   1.36920226       2.57179022    
   1.36920226       2.57179022    
   1.36920226       2.57179022    
   1.36920226       2.57179022    
   1.36920226       2.57179022    
   1.36920226       2.57179022    
   1.36920226       2.57179022    
   1.36920226       2.57179022    
   1.36920226       2.57179022    
   1.36920226       2.57179022    
   1.36920226       2.57179022    
   1.36920226       2.57179022    
   1.36920226       2.57179022    
   1.36920226       2.57179022    
   1.36920226       2.57179022    
   1.36920226       2.57179022    
   1.36920226       2.57179022    
   1.36920226       2.57179022    
   1.36920226       2.57179022    
   1.36920226       2.57179022    
   1.36920226       2.57179022    
   1.36920226       2.57179022    
   1.36920226       2.57179022    
   1.36920226       2.57179022    
   1.36920226       2.57179022    
   1.36920226       2.57179022    
   1.36920226       2.57179022    
   1.36920226       2.57179022    
   1.36920226       2.57179022    
   1.36920226       2.57179022    
   1.36920226       2.57179022    
   1.36920226       2.57179022    
   1.36920226       2.57179022    
   1.36920226       2.57179022    
   1.36920226       2.57179022    
   1.36920226       2.57179022    
   1.36920226       2.57179022    
   1.36920226       2.57179022    
   1.36920226       2.57179022    
   1.36920226       2.57179022    
   1.36920226       2.57179022    
   1.36920226       2.57179022    
   1.36920226       2.57179022    
   1.36920226       2.57179022    
   1.36920226       2.57179022    
   1.36920226       2.57179022    
   1.36920226       2.57179022    
   1.36920226       2.57179022    
   1.36920226       2.57179022    
   1.36920226       2.57179022    
   1.36920226       2.57179022    
   1.36920226       2.57179022    
   1.36920226       2.57179022    
   1.36920226       2.57179022    
   1.36920226       2.57179022    
   1.36920226       2.57179022    
   1.36920226       2.57179022    
   1.36920226       2.57179022    
   1.36920226       2.57179022    
   1.36920226       2.57179022    
   1.36920226       2.57179022    
   1.36920226       2.57179022    
   1.36920226       2.57179022    
   1.36920226       2.57179022    
   1.36920226       2.57179022    
   1.36920226       2.57179022    
   1.36920226       2.57179022    
   1.36920226       2.57179022    
   1.36920226       2.57179022    
   1.36920226       2.57179022    
   1.36920226       2.57179022    
   1.36920226       2.57179022    
   1.36920226       2.57179022    
   1.36920226       2.57179022    
   1.36920226       2.57179022    
   1.36920226       2.57179022    
   1.36920226       2.57179022    
   1.36920226       2.57179022    
   1.36920226       2.57179022    
   1.36920226       2.57179022    
   1.36920226       2.57179022    
   1.36920226       2.57179022    
   1.36920226       2.57179022    
   1.36920226       2.57179022    
   1.36920226       2.57179022    
   1.36920226       2.57179022    
   1.36920226       2.57179022    
   1.36920226       2.57179022    
   1.36920226       2.57179022    
   1.36920226       2.57179022    
   1.36920226       2.57179022    
   1.36920226       2.57179022    
   1.36920226       2.57179022    
   1.36920226       2.57179022    
   1.36920226       2.57179022    
   1.36920226       2.57179022    
   1.36920226       2.57179022    
   1.36920226       2.57179022    
   1.36920226       2.57179022    
   1.36920226       2.57179022    
   1.36920226       2.57179022    
   1.36920226       2.57179022    
   1.36920226       2.57179022    
   1.36920226       2.57179022    
   1.36920226       2.57179022    
   1.36920226       2.57179022    
   1.36920226       2.57179022    
   1.36920226       2.57179022    
   1.36920226       2.57179022    
   1.36920226       2.57179022    
   1.36920226       2.57179022    
   1.36920226       2.57179022    
   1.36920226       2.57179022    
   1.36920226       2.57179022    
   1.36920226       2.57179022    
   1.36920226       2.57179022    
   1.36920226       2.57179022    
   1.36920226       2.57179022    
   1.36920226       2.57179022    
   1.36920226       2.57179022    
   1.36920226       2.57179022    
   1.36920226       2.57179022    
   1.36920226       2.57179022    
   1.36920226       2.57179022    
   1.36920226       2.57179022    
   1.36920226       2.57179022    
   1.36920226       2.57179022    
   1.36920226       2.57179022    
   1.36920226       2.57179022    
   1.36920226       2.57179022    
   1.36920226       2.57179022    
   1.36920226       2.57179022    
   1.36920226       2.57179022    
   1.36920226       2.57179022    
   1.36920226       2.57179022    
   1.36920226       2.57179022    
