 # n       sqrt(n)     drms   
           1   6.67999983E-02   7.56567121E-02
           2   9.44694653E-02  0.132003605    
           3  0.115700990      0.196660385    
           4  0.133599997      0.198704392    
           5  0.149369344      0.205886379    
           6  0.163625911      0.239187613    
           7  0.176736176      0.260781676    
           8  0.188938931      0.266348243    
           9  0.200399995      0.269653469    
          10  0.211240143      0.282287687    
          11  0.221550539      0.283954471    
          12  0.231401980      0.298150390    
          13  0.240850821      0.306286722    
          14  0.249942720      0.309355468    
          15  0.258715302      0.317920476    
          16  0.267199993      0.333024144    
          17  0.275423437      0.342508197    
          18  0.283408374      0.358958572    
          19  0.291174442      0.364978671    
          20  0.298738688      0.371216774    
          21  0.306116045      0.372538179    
          22  0.313319772      0.372914404    
          23  0.320361555      0.379574090    
          24  0.327251822      0.392018318    
          25  0.333999991      0.392653018    
          26  0.340614498      0.400866538    
          27  0.347102970      0.402077287    
          28  0.353472352      0.441138148    
          29  0.359728992      0.445611298    
          30  0.365878671      0.455061525    
          31  0.371926636      0.456211865    
          32  0.377877861      0.459245384    
          33  0.383736759      0.468427747    
          34  0.389507562      0.470538139    
          35  0.395194143      0.473775238    
          36  0.400799990      0.477637559    
          37  0.406328529      0.481217533    
          38  0.411782831      0.483880043    
          39  0.417165846      0.484441876    
          40  0.422480285      0.485316515    
          41  0.427728683      0.495514214    
          42  0.432913452      0.497137487    
          43  0.438036859      0.514720678    
          44  0.443101078      0.518942535    
          45  0.448107988      0.519141197    
          46  0.453059644      0.524991691    
          47  0.457957715      0.537217021    
          48  0.462803960      0.539559305    
          49  0.467599988      0.542326927    
          50  0.472347319      0.543923378    
          51  0.477047414      0.547015011    
          52  0.481701642      0.551040471    
          53  0.486311316      0.559782326    
          54  0.490877748      0.572576523    
          55  0.495402038      0.576799512    
          56  0.499885440      0.581978023    
          57  0.504328907      0.588681042    
          58  0.508733630      0.597843289    
          59  0.513100505      0.601693511    
          60  0.517430604      0.601975024    
          61  0.521724701      0.606741965    
          62  0.525983691      0.611311734    
          63  0.530208528      0.613881350    
          64  0.534399986      0.614817441    
          65  0.538558781      0.616940916    
          66  0.542685747      0.621410251    
          67  0.546781540      0.628122330    
          68  0.550846875      0.631062806    
          69  0.554882407      0.632726312    
          70  0.558888853      0.641560495    
          71  0.562866747      0.644835770    
          72  0.566816747      0.646476626    
          73  0.570739388      0.649686396    
          74  0.574635327      0.658049703    
          75  0.578504980      0.659452379    
          76  0.582348883      0.662240326    
          77  0.586167574      0.669847071    
          78  0.589961588      0.669898927    
          79  0.593731344      0.671101928    
          80  0.597477376      0.673646152    
          81  0.601199985      0.674505293    
          82  0.604899764      0.681099117    
          83  0.608576953      0.682675421    
          84  0.612232089      0.684983611    
          85  0.615865529      0.686106324    
          86  0.619477689      0.688971817    
          87  0.623068929      0.690844119    
          88  0.626639545      0.692410052    
          89  0.630189896      0.693704665    
          90  0.633720398      0.698560596    
          91  0.637231410      0.705114961    
          92  0.640723109      0.705211818    
          93  0.644195855      0.706406832    
          94  0.647650063      0.707162678    
          95  0.651085854      0.708898723    
          96  0.654503644      0.709739745    
          97  0.657903671      0.718453944    
          98  0.661286235      0.723155439    
          99  0.664651573      0.725733101    
         100  0.667999983      0.726462722    
         101  0.671331644      0.729240060    
         102  0.674646854      0.734762669    
         103  0.677945912      0.738696039    
         104  0.681228995      0.739478827    
         105  0.684496343      0.742311835    
         106  0.687748075      0.742567778    
         107  0.690984547      0.743570447    
         108  0.694205940      0.746706665    
         109  0.697412491      0.747759163    
         110  0.700604320      0.751395226    
         111  0.703781664      0.756373048    
         112  0.706944704      0.761574864    
         113  0.710093737      0.763034344    
         114  0.713228822      0.765830517    
         115  0.716350198      0.767717481    
         116  0.719457984      0.768010676    
         117  0.722552478      0.770616055    
         118  0.725633740      0.771329045    
         119  0.728701949      0.778925836    
         120  0.731757343      0.781165063    
         121  0.734799981      0.783245385    
         122  0.737830043      0.783665478    
         123  0.740847766      0.788397729    
         124  0.743853271      0.790378749    
         125  0.746846676      0.791175544    
         126  0.749828100      0.791740000    
         127  0.752797723      0.803277731    
         128  0.755755723      0.808455169    
         129  0.758702159      0.810203552    
         130  0.761637151      0.810662329    
         131  0.764560938      0.814629018    
         132  0.767473519      0.816938758    
         133  0.770375133      0.820752084    
         134  0.773265898      0.822809935    
         135  0.776145816      0.822979391    
         136  0.779015124      0.823369801    
         137  0.781873882      0.823901713    
         138  0.784722328      0.826893389    
         139  0.787560403      0.827866733    
         140  0.790388286      0.832034767    
         141  0.793206036      0.832601964    
         142  0.796013832      0.832824051    
         143  0.798811793      0.833645880    
         144  0.801599979      0.837293863    
         145  0.804378510      0.838706553    
         146  0.807147443      0.839519918    
         147  0.809906900      0.839891016    
         148  0.812657058      0.842360079    
         149  0.815397859      0.847556055    
         150  0.818129539      0.850872397    
         151  0.820852160      0.851464033    
         152  0.823565662      0.853336871    
         153  0.826270342      0.853921235    
         154  0.828966200      0.854084194    
         155  0.831653297      0.855398953    
         156  0.834331691      0.859152079    
         157  0.837001622      0.860551834    
         158  0.839662969      0.861990631    
         159  0.842315912      0.866910100    
         160  0.844960570      0.870125771    
         161  0.847596943      0.870433629    
         162  0.850225210      0.871327817    
         163  0.852845252      0.874987304    
         164  0.855457366      0.875683188    
         165  0.858061552      0.879367292    
         166  0.860657811      0.879484832    
         167  0.863246202      0.887017608    
         168  0.865826905      0.888579965    
         169  0.868399978      0.890321314    
         170  0.870965421      0.891127706    
         171  0.873523295      0.896425724    
         172  0.876073718      0.901899636    
         173  0.878616810      0.908119619    
         174  0.881152451      0.908258557    
         175  0.883680940      0.910735071    
         176  0.886202157      0.911470830    
         177  0.888716161      0.913253367    
         178  0.891223133      0.913408518    
         179  0.893723071      0.915190995    
         180  0.896215975      0.918340802    
         181  0.898702025      0.923398793    
         182  0.901181281      0.932236016    
         183  0.903653622      0.934476793    
         184  0.906119287      0.936773837    
         185  0.908578217      0.941018522    
         186  0.911030531      0.943476379    
         187  0.913476229      0.947327554    
         188  0.915915430      0.950552166    
         189  0.918348193      0.951632619    
         190  0.920774460      0.955478907    
         191  0.923194349      0.958700478    
         192  0.925607920      0.961322427    
         193  0.928015232      0.962542951    
         194  0.930416346      0.965005577    
         195  0.932811201      0.965482593    
         196  0.935199976      0.965988934    
         197  0.937582612      0.969788909    
         198  0.939959288      0.970090270    
         199  0.942329943      0.970948875    
         200  0.944694638      0.973529935    
         201  0.947053432      0.974076867    
         202  0.949406326      0.975592792    
         203  0.951753438      0.976043999    
         204  0.954094827      0.978991449    
         205  0.956430435      0.979763269    
         206  0.958760381      0.981617928    
         207  0.961084664      0.985057116    
         208  0.963403285      0.985232651    
         209  0.965716362      0.986276984    
         210  0.968023956      0.991151214    
         211  0.970326006      0.992069662    
         212  0.972622633      0.998571336    
         213  0.974913895      0.999651253    
         214  0.977199674       1.00308371    
         215  0.979480207       1.00518298    
         216  0.981755495       1.01334918    
         217  0.984025419       1.01394022    
         218  0.986290157       1.01429355    
         219  0.988549709       1.01475334    
         220  0.990804076       1.02012837    
         221  0.993053377       1.02975535    
         222  0.995297611       1.03067017    
         223  0.997536719       1.03101683    
         224  0.999770880       1.03191280    
         225   1.00199997       1.03192961    
         226   1.00422418       1.03436553    
         227   1.00644338       1.03483939    
         228   1.00865781       1.03674150    
         229   1.01086736       1.03720832    
         230   1.01307213       1.03737736    
         231   1.01527202       1.03770196    
         232   1.01746726       1.04053521    
         233   1.01965773       1.04379368    
         234   1.02184343       1.05010939    
         235   1.02402461       1.05279434    
         236   1.02620101       1.05517697    
         237   1.02837288       1.05917072    
         238   1.03054023       1.06290126    
         239   1.03270292       1.06934893    
         240   1.03486121       1.07098198    
         241   1.03701484       1.07443440    
         242   1.03916407       1.07524025    
         243   1.04130888       1.07529569    
         244   1.04344940       1.07599115    
         245   1.04558539       1.07736707    
         246   1.04771709       1.09010327    
         247   1.04984438       1.09205890    
         248   1.05196738       1.09371912    
         249   1.05408621       1.09655511    
         250   1.05620074       1.09669554    
         251   1.05831099       1.09685731    
         252   1.06041706       1.09952891    
         253   1.06251895       1.10504615    
         254   1.06461680       1.10650671    
         255   1.06671047       1.10678971    
         256   1.06879997       1.10704863    
         257   1.07088542       1.10752094    
         258   1.07296681       1.10801232    
         259   1.07504427       1.10882640    
         260   1.07711756       1.10936737    
         261   1.07918704       1.11047971    
         262   1.08125246       1.11288059    
         263   1.08331394       1.11471272    
         264   1.08537149       1.11594248    
         265   1.08742511       1.11639106    
         266   1.08947504       1.11685896    
         267   1.09152102       1.11820054    
         268   1.09356308       1.11837673    
         269   1.09560144       1.11839449    
         270   1.09763598       1.12102926    
         271   1.09966683       1.12117660    
         272   1.10169375       1.12118769    
         273   1.10371709       1.12184834    
         274   1.10573673       1.12334359    
         275   1.10775268       1.12591505    
         276   1.10976481       1.12725031    
         277   1.11177349       1.12771320    
         278   1.11377859       1.12848723    
         279   1.11577988       1.13258970    
         280   1.11777771       1.13343966    
         281   1.11977196       1.13509226    
         282   1.12176275       1.13725686    
         283   1.12374985       1.13754463    
         284   1.12573349       1.14005935    
         285   1.12771380       1.14093673    
         286   1.12969053       1.14130676    
         287   1.13166368       1.14162803    
         288   1.13363349       1.14540756    
         289   1.13559997       1.14719486    
         290   1.13756299       1.14728963    
         291   1.13952255       1.14736450    
         292   1.14147878       1.15073860    
         293   1.14343178       1.15112209    
         294   1.14538145       1.15114260    
         295   1.14732766       1.15157545    
         296   1.14927065       1.15506184    
         297   1.15121031       1.15516686    
         298   1.15314674       1.15713966    
         299   1.15507996       1.15845680    
         300   1.15700996       1.15860021    
         301   1.15893662       1.15880930    
         302   1.16086018       1.15885055    
         303   1.16278052       1.16259909    
         304   1.16469777       1.16439378    
         305   1.16661179       1.16841233    
         306   1.16852272       1.17328608    
         307   1.17043054       1.17427051    
         308   1.17233515       1.18127823    
         309   1.17423677       1.18235946    
         310   1.17613542       1.18297791    
         311   1.17803085       1.18458903    
         312   1.17992318       1.18461251    
         313   1.18181264       1.18534756    
         314   1.18369901       1.18554735    
         315   1.18558240       1.18752694    
         316   1.18746269       1.19104218    
         317   1.18934011       1.19452453    
         318   1.19121456       1.20081389    
         319   1.19308615       1.20151114    
         320   1.19495475       1.20374179    
         321   1.19682038       1.20473719    
         322   1.19868314       1.20615506    
         323   1.20054293       1.20709431    
         324   1.20239997       1.20796585    
         325   1.20425403       1.20797873    
         326   1.20610535       1.20868075    
         327   1.20795381       1.21066856    
         328   1.20979953       1.21140897    
         329   1.21164227       1.21297681    
         330   1.21348214       1.21583319    
         331   1.21531940       1.21652496    
         332   1.21715391       1.21822786    
         333   1.21898556       1.22121286    
         334   1.22081459       1.22451890    
         335   1.22264075       1.22712088    
         336   1.22446418       1.22997272    
         337   1.22628498       1.23043180    
         338   1.22810304       1.23083949    
         339   1.22991848       1.23230159    
         340   1.23173106       1.23901272    
         341   1.23354113       1.24165118    
         342   1.23534858       1.24326956    
         343   1.23715329       1.24447048    
         344   1.23895538       1.24535322    
         345   1.24075484       1.24652672    
         346   1.24255180       1.24677205    
         347   1.24434602       1.24755335    
         348   1.24613786       1.24866438    
         349   1.24792695       1.24951935    
         350   1.24971354       1.25027847    
         351   1.25149763       1.25086093    
         352   1.25327909       1.25398850    
         353   1.25505805       1.25694621    
         354   1.25683451       1.26424479    
         355   1.25860846       1.26617980    
         356   1.26037979       1.26653898    
         357   1.26214874       1.26782560    
         358   1.26391518       1.26945245    
         359   1.26567936       1.27130938    
         360   1.26744080       1.27222431    
         361   1.26919997       1.27802467    
         362   1.27095675       1.27993691    
         363   1.27271092       1.28044057    
         364   1.27446282       1.28093684    
         365   1.27621210       1.28199625    
         366   1.27795923       1.28462756    
         367   1.27970386       1.28624797    
         368   1.28144622       1.28972936    
         369   1.28318608       1.29250705    
         370   1.28492367       1.29278696    
         371   1.28665888       1.29388630    
         372   1.28839171       1.29404080    
         373   1.29012227       1.29406250    
         374   1.29185045       1.29497218    
         375   1.29357636       1.29675901    
         376   1.29530013       1.29805207    
         377   1.29702139       1.29911363    
         378   1.29874039       1.30331874    
         379   1.30045712       1.30453002    
         380   1.30217171       1.30837440    
         381   1.30388391       1.31590414    
         382   1.30559397       1.31612039    
         383   1.30730164       1.31639087    
         384   1.30900729       1.31707239    
         385   1.31071055       1.31712639    
         386   1.31241179       1.31716883    
         387   1.31411064       1.31728566    
         388   1.31580734       1.31922591    
         389   1.31750190       1.32064164    
         390   1.31919420       1.32219791    
         391   1.32088447       1.32334077    
         392   1.32257247       1.32509196    
         393   1.32425845       1.33038056    
         394   1.32594216       1.33238661    
         395   1.32762372       1.33492744    
         396   1.32930315       1.33495843    
         397   1.33098054       1.33778846    
         398   1.33265579       1.33828855    
         399   1.33432901       1.34068418    
         400   1.33599997       1.34228981    
         401   1.33766890       1.34538329    
         402   1.33933580       1.34599769    
         403   1.34100056       1.34981918    
         404   1.34266329       1.35084307    
         405   1.34432399       1.35136092    
         406   1.34598255       1.35419083    
         407   1.34763920       1.35549271    
         408   1.34929371       1.35619032    
         409   1.35094643       1.35757148    
         410   1.35259688       1.35894239    
         411   1.35424531       1.36030173    
         412   1.35589182       1.36046696    
         413   1.35753632       1.36519575    
         414   1.35917890       1.36543429    
         415   1.36081946       1.36684072    
         416   1.36245799       1.36871850    
         417   1.36409461       1.37053454    
         418   1.36572909       1.37090206    
         419   1.36736190       1.37148166    
         420   1.36899269       1.37358117    
         421   1.37062132       1.37628889    
         422   1.37224829       1.37952995    
         423   1.37387311       1.37988937    
         424   1.37549615       1.38000119    
         425   1.37711728       1.38131523    
         426   1.37873638       1.38391852    
         427   1.38035369       1.38495350    
         428   1.38196909       1.38503230    
         429   1.38358259       1.38574612    
         430   1.38519418       1.38839149    
         431   1.38680398       1.39307165    
         432   1.38841188       1.39403641    
         433   1.39001799       1.39472425    
         434   1.39162207       1.39602268    
         435   1.39322436       1.39701939    
         436   1.39482498       1.39708686    
         437   1.39642358       1.39874959    
         438   1.39802039       1.40095580    
         439   1.39961541       1.40427804    
         440   1.40120864       1.40472102    
         441   1.40279996       1.40530741    
         442   1.40438950       1.40691245    
         443   1.40597737       1.41165757    
         444   1.40756333       1.41617858    
         445   1.40914750       1.41673684    
         446   1.41072989       1.41756356    
         447   1.41231060       1.42225027    
         448   1.41388941       1.42632449    
         449   1.41546667       1.42635858    
         450   1.41704190       1.42724264    
         451   1.41861558       1.42908680    
         452   1.42018747       1.42974305    
         453   1.42175758       1.43052721    
         454   1.42332602       1.43135810    
         455   1.42489266       1.43354523    
         456   1.42645764       1.43448496    
         457   1.42802083       1.43694830    
         458   1.42958236       1.43837070    
         459   1.43114221       1.43840897    
         460   1.43270040       1.43901622    
         461   1.43425679       1.44043458    
         462   1.43581152       1.44063509    
         463   1.43736458       1.44165337    
         464   1.43891597       1.44243681    
         465   1.44046569       1.44354606    
         466   1.44201374       1.44568348    
         467   1.44356024       1.44600999    
         468   1.44510496       1.44712508    
         469   1.44664800       1.44862509    
         470   1.44818950       1.45004523    
         471   1.44972920       1.45327079    
         472   1.45126748       1.45408273    
         473   1.45280397       1.45442688    
         474   1.45433891       1.45575869    
         475   1.45587218       1.45744228    
         476   1.45740390       1.46194935    
         477   1.45893407       1.46233594    
         478   1.46046245       1.46418154    
         479   1.46198928       1.46551549    
         480   1.46351469       1.46782315    
         481   1.46503842       1.46939814    
         482   1.46656048       1.47164690    
         483   1.46808100       1.47168660    
         484   1.46959996       1.47169697    
         485   1.47111726       1.47286665    
         486   1.47263324       1.47772861    
         487   1.47414756       1.47841144    
         488   1.47566009       1.47862411    
         489   1.47717130       1.47904038    
         490   1.47868109       1.47909713    
         491   1.48018909       1.47938097    
         492   1.48169553       1.48403907    
         493   1.48320067       1.48416853    
         494   1.48470414       1.48490787    
         495   1.48620617       1.48547184    
         496   1.48770654       1.48645663    
         497   1.48920560       1.48678863    
         498   1.49070299       1.48699427    
         499   1.49219894       1.48700118    
         500   1.49369335       1.48728716    
         501   1.49518633       1.49084938    
         502   1.49667788       1.49176896    
         503   1.49816775       1.49312329    
         504   1.49965620       1.49387324    
         505   1.50114322       1.49448156    
         506   1.50262880       1.49527752    
         507   1.50411284       1.49682772    
         508   1.50559545       1.49758112    
         509   1.50707662       1.49870193    
         510   1.50855637       1.50102091    
         511   1.51003456       1.50196540    
         512   1.51151145       1.50198507    
         513   1.51298678       1.50275218    
         514   1.51446068       1.50399387    
         515   1.51593316       1.50623691    
         516   1.51740432       1.50701463    
         517   1.51887393       1.50952435    
         518   1.52034211       1.50997770    
         519   1.52180898       1.51013982    
         520   1.52327430       1.51266944    
         521   1.52473831       1.51277590    
         522   1.52620089       1.51568651    
         523   1.52766216       1.51611483    
         524   1.52912188       1.51843119    
         525   1.53058016       1.52098775    
         526   1.53203726       1.52194309    
         527   1.53349280       1.52529514    
         528   1.53494704       1.52551579    
         529   1.53639996       1.52928555    
         530   1.53785145       1.52935493    
         531   1.53930163       1.52996302    
         532   1.54075027       1.53415036    
         533   1.54219770       1.53520548    
         534   1.54364383       1.53557026    
         535   1.54508853       1.53722560    
         536   1.54653180       1.53843760    
         537   1.54797375       1.54345608    
         538   1.54941440       1.54349899    
         539   1.55085373       1.54435837    
         540   1.55229163       1.54636681    
         541   1.55372834       1.54640913    
         542   1.55516362       1.54654849    
         543   1.55659759       1.54892695    
         544   1.55803025       1.55038667    
         545   1.55946171       1.55235589    
         546   1.56089163       1.55280936    
         547   1.56232047       1.55413806    
         548   1.56374776       1.55423987    
         549   1.56517410       1.55672359    
         550   1.56659877       1.55755162    
         551   1.56802237       1.55947375    
         552   1.56944466       1.55951476    
         553   1.57086551       1.56142592    
         554   1.57228529       1.56168056    
         555   1.57370353       1.56215835    
         556   1.57512081       1.56234956    
         557   1.57653654       1.56247091    
         558   1.57795119       1.56352913    
         559   1.57936442       1.56499660    
         560   1.58077657       1.56552362    
         561   1.58218718       1.56605637    
         562   1.58359683       1.56698060    
         563   1.58500504       1.56778908    
         564   1.58641207       1.56817234    
         565   1.58781779       1.56849825    
         566   1.58922231       1.56979394    
         567   1.59062564       1.56988442    
         568   1.59202766       1.57142079    
         569   1.59342861       1.57173240    
         570   1.59482801       1.57531524    
         571   1.59622645       1.57730019    
         572   1.59762359       1.57991123    
         573   1.59901953       1.58007109    
         574   1.60041428       1.58061683    
         575   1.60180771       1.58195662    
         576   1.60319996       1.58715153    
         577   1.60459101       1.58835447    
         578   1.60598087       1.59295774    
         579   1.60736942       1.59542346    
         580   1.60875702       1.59714532    
         581   1.61014318       1.59855175    
         582   1.61152828       1.60121834    
         583   1.61291218       1.60440636    
         584   1.61429489       1.60520136    
         585   1.61567640       1.60539699    
         586   1.61705673       1.60553169    
         587   1.61843586       1.60808241    
         588   1.61981380       1.60967612    
         589   1.62119067       1.61296868    
         590   1.62256634       1.61424112    
         591   1.62394083       1.61432242    
         592   1.62531412       1.61598897    
         593   1.62668622       1.61696124    
         594   1.62805736       1.61703598    
         595   1.62942708       1.61746514    
         596   1.63079572       1.61784196    
         597   1.63216341       1.62043500    
         598   1.63352978       1.62044477    
         599   1.63489497       1.62242508    
         600   1.63625908       1.62307179    
         601   1.63762200       1.62649882    
         602   1.63898396       1.62732327    
         603   1.64034474       1.63112414    
         604   1.64170432       1.63226140    
         605   1.64306271       1.63288641    
         606   1.64442003       1.63318813    
         607   1.64577627       1.63334572    
         608   1.64713132       1.63429499    
         609   1.64848530       1.63535607    
         610   1.64983821       1.63718557    
         611   1.65119004       1.63814473    
         612   1.65254068       1.63920426    
         613   1.65389025       1.63982391    
         614   1.65523875       1.64195609    
         615   1.65658617       1.64428294    
         616   1.65793240       1.64479303    
         617   1.65927756       1.64596808    
         618   1.66062164       1.64859045    
         619   1.66196465       1.64942884    
         620   1.66330659       1.64992404    
         621   1.66464746       1.65097857    
         622   1.66598713       1.65530562    
         623   1.66732585       1.66056812    
         624   1.66866338       1.66072333    
         625   1.66999996       1.66082764    
         626   1.67133546       1.66141391    
         627   1.67266989       1.66160619    
         628   1.67400324       1.66293550    
         629   1.67533541       1.66534972    
         630   1.67666662       1.66715634    
         631   1.67799675       1.66764343    
         632   1.67932594       1.66994298    
         633   1.68065393       1.67233944    
         634   1.68198109       1.67398870    
         635   1.68330693       1.67567480    
         636   1.68463182       1.67634082    
         637   1.68595576       1.67660952    
         638   1.68727851       1.67739761    
         639   1.68860042       1.67781544    
         640   1.68992114       1.67861509    
         641   1.69124091       1.68206942    
         642   1.69255960       1.68392026    
         643   1.69387722       1.68542910    
         644   1.69519389       1.68860924    
         645   1.69650960       1.68905973    
         646   1.69782424       1.69067156    
         647   1.69913781       1.69311512    
         648   1.70045042       1.69326985    
         649   1.70176196       1.69363451    
         650   1.70307255       1.69406259    
         651   1.70438206       1.69640696    
         652   1.70569050       1.69668007    
         653   1.70699811       1.70387280    
         654   1.70830464       1.70843530    
         655   1.70961022       1.70853567    
         656   1.71091473       1.70904315    
         657   1.71221828       1.71213317    
         658   1.71352088       1.71306837    
         659   1.71482241       1.71471858    
         660   1.71612310       1.71546042    
         661   1.71742272       1.71555734    
         662   1.71872127       1.71750581    
         663   1.72001886       1.72146463    
         664   1.72131562       1.72323167    
         665   1.72261119       1.72381246    
         666   1.72390592       1.72420096    
         667   1.72519970       1.72750831    
         668   1.72649240       1.72954738    
         669   1.72778428       1.73271060    
         670   1.72907507       1.73273242    
         671   1.73036492       1.73399460    
         672   1.73165381       1.73491156    
         673   1.73294187       1.73587775    
         674   1.73422885       1.73642576    
         675   1.73551488       1.73726094    
         676   1.73679996       1.73898005    
         677   1.73808408       1.73969221    
         678   1.73936725       1.74074256    
         679   1.74064958       1.74416196    
         680   1.74193084       1.74462771    
         681   1.74321115       1.74604559    
         682   1.74449062       1.74855518    
         683   1.74576902       1.74936736    
         684   1.74704659       1.75094175    
         685   1.74832320       1.75162613    
         686   1.74959886       1.75215018    
         687   1.75087380       1.75378418    
         688   1.75214744       1.75518405    
         689   1.75342047       1.75539947    
         690   1.75469244       1.75859618    
         691   1.75596344       1.76213825    
         692   1.75723362       1.76349664    
         693   1.75850284       1.76657391    
         694   1.75977111       1.76806593    
         695   1.76103842       1.76828957    
         696   1.76230490       1.76863706    
         697   1.76357055       1.76961279    
         698   1.76483524       1.76982820    
         699   1.76609898       1.77149498    
         700   1.76736188       1.77275586    
         701   1.76862371       1.77469158    
         702   1.76988482       1.77577448    
         703   1.77114499       1.77731609    
         704   1.77240431       1.77949798    
         705   1.77366257       1.78089976    
         706   1.77491999       1.78202021    
         707   1.77617669       1.78226936    
         708   1.77743232       1.78316975    
         709   1.77868712       1.78437698    
         710   1.77994108       1.78618884    
         711   1.78119409       1.78695095    
         712   1.78244627       1.78907144    
         713   1.78369761       1.79145634    
         714   1.78494787       1.79215133    
         715   1.78619754       1.79248941    
         716   1.78744614       1.79653549    
         717   1.78869390       1.79659581    
         718   1.78994083       1.79942536    
         719   1.79118681       1.80064869    
         720   1.79243195       1.80074644    
         721   1.79367626       1.80080974    
         722   1.79491985       1.80276930    
         723   1.79616237       1.80352497    
         724   1.79740405       1.80468130    
         725   1.79864490       1.80548251    
         726   1.79988503       1.80749965    
         727   1.80112422       1.80859280    
         728   1.80236256       1.80863750    
         729   1.80359995       1.81215930    
         730   1.80483663       1.81254518    
         731   1.80607235       1.81276047    
         732   1.80730724       1.81767523    
         733   1.80854130       1.81853688    
         734   1.80977452       1.81969821    
         735   1.81100702       1.82061636    
         736   1.81223857       1.82138109    
         737   1.81346917       1.82235777    
         738   1.81469905       1.82825553    
         739   1.81592822       1.82848489    
         740   1.81715643       1.83226728    
         741   1.81838381       1.83340216    
         742   1.81961036       1.83368385    
         743   1.82083607       1.83411145    
         744   1.82206106       1.83507252    
         745   1.82328510       1.83520567    
         746   1.82450831       1.83763564    
         747   1.82573080       1.83977365    
         748   1.82695246       1.83983898    
         749   1.82817328       1.84052289    
         750   1.82939327       1.84070194    
         751   1.83061242       1.84191406    
         752   1.83183086       1.84355712    
         753   1.83304846       1.84379041    
         754   1.83426523       1.84460092    
         755   1.83548105       1.84625697    
         756   1.83669639       1.84753633    
         757   1.83791065       1.85224736    
         758   1.83912420       1.85298193    
         759   1.84033692       1.85316896    
         760   1.84154892       1.85327399    
         761   1.84276009       1.85612965    
         762   1.84397030       1.85753191    
         763   1.84517992       1.85757256    
         764   1.84638870       1.85794556    
         765   1.84759676       1.85850334    
         766   1.84880376       1.85867798    
         767   1.85001028       1.85869765    
         768   1.85121584       1.86191475    
         769   1.85242057       1.86646748    
         770   1.85362482       1.86647737    
         771   1.85482800       1.86864364    
         772   1.85603046       1.86877024    
         773   1.85723221       1.86904776    
         774   1.85843313       1.86909294    
         775   1.85963321       1.87030458    
         776   1.86083269       1.87044775    
         777   1.86203122       1.87073314    
         778   1.86322904       1.87093592    
         779   1.86442614       1.87099004    
         780   1.86562240       1.87284303    
         781   1.86681795       1.87365854    
         782   1.86801267       1.87461841    
         783   1.86920679       1.87654936    
         784   1.87039995       1.87658060    
         785   1.87159240       1.87895536    
         786   1.87278414       1.87905586    
         787   1.87397516       1.87931859    
         788   1.87516522       1.88245034    
         789   1.87635481       1.88309598    
         790   1.87754345       1.88320065    
         791   1.87873137       1.88384366    
         792   1.87991858       1.88498819    
         793   1.88110507       1.88612485    
         794   1.88229072       1.88661683    
         795   1.88347566       1.88823891    
         796   1.88465989       1.88876414    
         797   1.88584328       1.89103401    
         798   1.88702607       1.89328671    
         799   1.88820803       1.89357138    
         800   1.88938928       1.89364302    
         801   1.89056969       1.89393306    
         802   1.89174950       1.89469051    
         803   1.89292860       1.89673901    
         804   1.89410686       1.90053225    
         805   1.89528441       1.90060949    
         806   1.89646125       1.90334094    
         807   1.89763737       1.90532577    
         808   1.89881265       1.90553331    
         809   1.89998734       1.90619504    
         810   1.90116131       1.90665412    
         811   1.90233445       1.90692878    
         812   1.90350688       1.90868735    
         813   1.90467870       1.91277492    
         814   1.90584970       1.91342092    
         815   1.90701997       1.91405284    
         816   1.90818965       1.91783333    
         817   1.90935850       1.91787195    
         818   1.91052663       1.91822076    
         819   1.91169405       1.91844523    
         820   1.91286087       1.91886568    
         821   1.91402686       1.92018306    
         822   1.91519213       1.92109442    
         823   1.91635680       1.92267442    
         824   1.91752076       1.92441368    
         825   1.91868389       1.92564392    
         826   1.91984630       1.92706656    
         827   1.92100823       1.92785895    
         828   1.92216933       1.92847955    
         829   1.92332959       1.92977524    
         830   1.92448926       1.93075049    
         831   1.92564821       1.93095374    
         832   1.92680657       1.93111205    
         833   1.92796421       1.93311620    
         834   1.92912114       1.93320858    
         835   1.93027723       1.93415987    
         836   1.93143272       1.93428659    
         837   1.93258750       1.93471515    
         838   1.93374169       1.93668270    
         839   1.93489504       1.93729150    
         840   1.93604791       1.93972743    
         841   1.93719995       1.94070482    
         842   1.93835139       1.94111395    
         843   1.93950200       1.94111800    
         844   1.94065201       1.94112515    
         845   1.94180143       1.94283998    
         846   1.94295001       1.94302738    
         847   1.94409800       1.94477975    
         848   1.94524527       1.94495904    
         849   1.94639194       1.94590390    
         850   1.94753790       1.94747245    
         851   1.94868314       1.95075417    
         852   1.94982779       1.95136333    
         853   1.95097172       1.95231557    
         854   1.95211494       1.95501065    
         855   1.95325756       1.95628560    
         856   1.95439935       1.95691478    
         857   1.95554078       1.95720100    
         858   1.95668137       1.95930767    
         859   1.95782125       1.96117616    
         860   1.95896041       1.96148479    
         861   1.96009910       1.96656191    
         862   1.96123707       1.96714890    
         863   1.96237433       1.96809936    
         864   1.96351099       1.96810865    
         865   1.96464694       1.96825743    
         866   1.96578217       1.96876502    
         867   1.96691692       1.96975160    
         868   1.96805084       1.97129142    
         869   1.96918416       1.97310102    
         870   1.97031689       1.97462344    
         871   1.97144890       1.97571456    
         872   1.97258031       1.97615290    
         873   1.97371101       1.97666168    
         874   1.97484124       1.97667503    
         875   1.97597063       1.97681081    
         876   1.97709942       1.97690642    
         877   1.97822750       1.97706568    
         878   1.97935510       1.97775352    
         879   1.98048198       1.97832763    
         880   1.98160815       1.97927880    
         881   1.98273385       1.98152089    
         882   1.98385870       1.98308802    
         883   1.98498309       1.98598433    
         884   1.98610675       1.98604691    
         885   1.98722970       1.98706019    
         886   1.98835218       1.98878598    
         887   1.98947394       1.99003136    
         888   1.99059522       1.99045503    
         889   1.99171567       1.99307108    
         890   1.99283552       1.99365354    
         891   1.99395478       1.99372411    
         892   1.99507344       1.99402475    
         893   1.99619150       1.99740517    
         894   1.99730885       1.99847305    
         895   1.99842548       1.99877417    
         896   1.99954176       1.99923551    
         897   2.00065708       2.00116825    
         898   2.00177193       2.00182247    
         899   2.00288630       2.00245953    
         900   2.00399995       2.00331640    
         901   2.00511312       2.00483441    
         902   2.00622535       2.00490856    
         903   2.00733733       2.00606680    
         904   2.00844836       2.00690508    
         905   2.00955892       2.00791883    
         906   2.01066899       2.00816321    
         907   2.01177812       2.00835848    
         908   2.01288676       2.00839019    
         909   2.01399517       2.00853515    
         910   2.01510262       2.01144052    
         911   2.01620936       2.01159024    
         912   2.01731563       2.01284146    
         913   2.01842141       2.01441383    
         914   2.01952648       2.01535106    
         915   2.02063084       2.01874399    
         916   2.02173471       2.01965213    
         917   2.02283812       2.02001667    
         918   2.02394080       2.02004695    
         919   2.02504277       2.02163196    
         920   2.02614427       2.02216411    
         921   2.02724528       2.02265358    
         922   2.02834535       2.02432585    
         923   2.02944493       2.02677655    
         924   2.03054404       2.02740860    
         925   2.03164268       2.02894640    
         926   2.03274059       2.02902722    
         927   2.03383780       2.03056979    
         928   2.03493452       2.03212357    
         929   2.03603077       2.03307223    
         930   2.03712606       2.03422022    
         931   2.03822112       2.03565907    
         932   2.03931546       2.03590727    
         933   2.04040909       2.03659678    
         934   2.04150224       2.03722382    
         935   2.04259491       2.03826880    
         936   2.04368687       2.03827810    
         937   2.04477835       2.03861904    
         938   2.04586911       2.04423618    
         939   2.04695940       2.04526806    
         940   2.04804921       2.04536581    
         941   2.04913831       2.04606342    
         942   2.05022669       2.04633594    
         943   2.05131483       2.04736209    
         944   2.05240202       2.04857993    
         945   2.05348897       2.05189061    
         946   2.05457497       2.05336547    
         947   2.05566072       2.05355120    
         948   2.05674577       2.05358887    
         949   2.05783033       2.05373335    
         950   2.05891418       2.05622816    
         951   2.05999756       2.05674267    
         952   2.06108046       2.05725598    
         953   2.06216264       2.05792952    
         954   2.06324434       2.05868101    
         955   2.06432533       2.05868244    
         956   2.06540585       2.05891323    
         957   2.06648588       2.05957675    
         958   2.06756520       2.06256700    
         959   2.06864405       2.06348324    
         960   2.06972241       2.06434965    
         961   2.07079983       2.06457138    
         962   2.07187700       2.06563759    
         963   2.07295370       2.07131052    
         964   2.07402968       2.07131505    
         965   2.07510519       2.07149768    
         966   2.07617998       2.07195091    
         967   2.07725453       2.07253504    
         968   2.07832813       2.07510877    
         969   2.07940149       2.07565236    
         970   2.08047414       2.07767320    
         971   2.08154631       2.07865024    
         972   2.08261776       2.07894540    
         973   2.08368874       2.07996798    
         974   2.08475924       2.08126330    
         975   2.08582926       2.08127570    
         976   2.08689880       2.08373284    
         977   2.08796763       2.08611417    
         978   2.08903575       2.08734798    
         979   2.09010339       2.08788562    
         980   2.09117079       2.08830523    
         981   2.09223723       2.08922267    
         982   2.09330344       2.09085131    
         983   2.09436893       2.09166169    
         984   2.09543419       2.09192395    
         985   2.09649849       2.09688616    
         986   2.09756255       2.09788537    
         987   2.09862590       2.09873891    
         988   2.09968877       2.09903407    
         989   2.10075116       2.09977889    
         990   2.10181284       2.10161591    
         991   2.10287404       2.10326934    
         992   2.10393476       2.10338354    
         993   2.10499501       2.10355401    
         994   2.10605478       2.10398984    
         995   2.10711384       2.10803723    
         996   2.10817242       2.11153102    
         997   2.10923028       2.11190486    
         998   2.11028790       2.11211586    
         999   2.11134505       2.11257410    
        1000   2.11240149       2.11342931    
