 # n       sqrt(n)     drms   
           1  0.600000024       5.58348186E-02
           2  0.848528147      0.466970086    
           3   1.03923047      0.714263201    
           4   1.20000005      0.718705535    
           5   1.34164083      0.951682091    
           6   1.46969390       1.33149409    
           7   1.58745086       1.35922611    
           8   1.69705629       1.45655227    
           9   1.80000007       1.50207937    
          10   1.89736664       1.65621865    
          11   1.98997498       1.78892434    
          12   2.07846093       1.87774658    
          13   2.16333079       2.31138301    
          14   2.24499464       2.45359159    
          15   2.32379007       2.49814153    
          16   2.40000010       2.54915428    
          17   2.47386336       2.59382772    
          18   2.54558444       2.60975718    
          19   2.61533952       2.61253786    
          20   2.68328166       2.83957720    
          21   2.74954557       2.89427519    
          22   2.81424952       2.92298508    
          23   2.87749910       2.92492294    
          24   2.93938780       2.93016505    
          25   3.00000000       2.93449903    
          26   3.05941176       2.96978092    
          27   3.11769152       2.97519207    
          28   3.17490172       3.08185434    
          29   3.23109889       3.08769655    
          30   3.28633571       3.26311278    
          31   3.34065866       3.37332511    
          32   3.39411259       3.45913124    
          33   3.44673777       3.63790011    
          34   3.49857116       3.71695900    
          35   3.54964805       3.72617936    
          36   3.60000014       3.74650145    
          37   3.64965773       3.75681543    
          38   3.69864845       3.83045125    
          39   3.74699903       3.85371876    
          40   3.79473329       3.97650743    
          41   3.84187484       4.01772738    
          42   3.88844442       4.03215218    
          43   3.93446326       4.04868221    
          44   3.97994995       4.08574533    
          45   4.02492237       4.14130831    
          46   4.06939840       4.15227509    
          47   4.11339283       4.18121052    
          48   4.15692186       4.18469191    
          49   4.20000029       4.29778194    
          50   4.24264097       4.33607388    
          51   4.28485727       4.39846420    
          52   4.32666159       4.44418049    
          53   4.36806631       4.48028088    
          54   4.40908194       4.52041483    
          55   4.44971895       4.53941488    
          56   4.48998928       4.62646055    
          57   4.52990055       4.63593817    
          58   4.56946421       4.74961329    
          59   4.60868740       4.76477623    
          60   4.64758015       4.82707596    
          61   4.68615007       4.87674665    
          62   4.72440481       4.88740349    
          63   4.76235247       4.91329479    
          64   4.80000019       4.91669178    
          65   4.83735466       5.04475451    
          66   4.87442350       5.09284449    
          67   4.91121149       5.14035606    
          68   4.94772673       5.18264818    
          69   4.98397446       5.20579243    
          70   5.01996040       5.29617405    
          71   5.05568981       5.31202984    
          72   5.09116888       5.35475922    
          73   5.12640238       5.36255741    
          74   5.16139555       5.43902826    
          75   5.19615269       5.45066452    
          76   5.23067904       5.50517845    
          77   5.26497889       5.57929897    
          78   5.29905653       5.59425259    
          79   5.33291674       5.66391182    
          80   5.36656332       5.72018814    
          81   5.40000010       5.74605417    
          82   5.43323135       5.76117182    
          83   5.46626043       5.77612734    
          84   5.49909115       5.77884722    
          85   5.53172684       5.78950548    
          86   5.56417131       5.79439831    
          87   5.59642792       5.87796450    
          88   5.62849903       5.88187551    
          89   5.66038895       5.88437986    
          90   5.69209957       5.91254234    
          91   5.72363567       5.93346786    
          92   5.75499821       5.98757172    
          93   5.78619099       6.02669954    
          94   5.81721640       6.02938318    
          95   5.84807682       6.03366566    
          96   5.87877560       6.06038809    
          97   5.90931511       6.11443472    
          98   5.93969727       6.11677837    
          99   5.96992445       6.11862421    
         100   6.00000000       6.14329815    
         101   6.02992535       6.15444183    
         102   6.05970287       6.25071192    
         103   6.08933496       6.26564980    
         104   6.11882353       6.29437542    
         105   6.14817095       6.30764818    
         106   6.17737865       6.35987806    
         107   6.20644808       6.43305969    
         108   6.23538303       6.43412638    
         109   6.26418447       6.43413830    
         110   6.29285336       6.44774055    
         111   6.32139254       6.54214478    
         112   6.34980345       6.57081461    
         113   6.37808800       6.58173895    
         114   6.40624714       6.58479357    
         115   6.43428373       6.61655521    
         116   6.46219778       6.64206028    
         117   6.48999262       6.66122103    
         118   6.51766872       6.71061468    
         119   6.54522753       6.71656513    
         120   6.57267141       6.78578568    
         121   6.60000038       6.79399586    
         122   6.62721682       6.81907368    
         123   6.65432215       6.87490368    
         124   6.68131733       6.87683105    
         125   6.70820427       6.88226032    
         126   6.73498344       6.92092228    
         127   6.76165676       6.99471378    
         128   6.78822517       7.00160933    
         129   6.81469011       7.01950455    
         130   6.84105301       7.07592154    
         131   6.86731434       7.11617231    
         132   6.89347553       7.13083029    
         133   6.91953754       7.14292955    
         134   6.94550276       7.14499331    
         135   6.97137022       7.15239620    
         136   6.99714231       7.19335651    
         137   7.02282000       7.19856119    
         138   7.04840422       7.21181536    
         139   7.07389593       7.23147345    
         140   7.09929609       7.29633141    
         141   7.12460566       7.31870556    
         142   7.14982557       7.32447433    
         143   7.17495680       7.35068512    
         144   7.20000029       7.36627913    
         145   7.22495699       7.37377214    
         146   7.24982786       7.37644053    
         147   7.27461338       7.42612934    
         148   7.29931545       7.44183969    
         149   7.32393360       7.45182657    
         150   7.34846973       7.45867920    
         151   7.37292385       7.48571825    
         152   7.39729691       7.48901844    
         153   7.42159033       7.54747868    
         154   7.44580460       7.58991385    
         155   7.46994019       7.60034227    
         156   7.49399805       7.60060740    
         157   7.51797915       7.63211393    
         158   7.54188347       7.68671036    
         159   7.56571245       7.74847174    
         160   7.58946657       7.75982809    
         161   7.61314678       7.80251837    
         162   7.63675356       7.80395174    
         163   7.66028738       7.86355352    
         164   7.68374968       7.86473656    
         165   7.70713997       7.87286425    
         166   7.73045969       7.90628099    
         167   7.75370884       7.92305231    
         168   7.77688885       7.93820572    
         169   7.80000019       7.97644329    
         170   7.82304287       8.02643299    
         171   7.84601831       8.06322002    
         172   7.86892653       8.06812572    
         173   7.89176798       8.06897354    
         174   7.91454363       8.09701633    
         175   7.93725443       8.10723591    
         176   7.95989990       8.10800552    
         177   7.98248100       8.12188339    
         178   8.00499916       8.12703705    
         179   8.02745342       8.14717293    
         180   8.04984474       8.20934296    
         181   8.07217503       8.23438358    
         182   8.09444332       8.23693371    
         183   8.11664963       8.24544334    
         184   8.13879681       8.24984932    
         185   8.16088295       8.25799274    
         186   8.18290901       8.26161098    
         187   8.20487690       8.30136013    
         188   8.22678566       8.32512379    
         189   8.24863720       8.33956718    
         190   8.27042961       8.34565353    
         191   8.29216576       8.34961891    
         192   8.31384373       8.39021206    
         193   8.33546638       8.39842415    
         194   8.35703373       8.39902592    
         195   8.37854481       8.41610813    
         196   8.40000057       8.43067360    
         197   8.42140102       8.53822708    
         198   8.44274902       8.54051590    
         199   8.46404171       8.54888630    
         200   8.48528194       8.56316376    
         201   8.50646877       8.57267094    
         202   8.52760220       8.57586479    
         203   8.54868412       8.57840347    
         204   8.56971455       8.57924747    
         205   8.59069347       8.63222790    
         206   8.61162090       8.64957142    
         207   8.63249779       8.68702793    
         208   8.65332317       8.69582367    
         209   8.67409992       8.70145035    
         210   8.69482613       8.70968723    
         211   8.71550369       8.77956486    
         212   8.73613262       8.79267502    
         213   8.75671196       8.81938744    
         214   8.77724361       8.86730671    
         215   8.79772758       8.87757111    
         216   8.81816387       8.88202667    
         217   8.83855247       8.92417145    
         218   8.85889435       9.02840614    
         219   8.87918949       9.02881050    
         220   8.89943790       9.04224205    
         221   8.91964149       9.04943466    
         222   8.93979931       9.06335163    
         223   8.95991135       9.06439400    
         224   8.97997856       9.11187172    
         225   9.00000000       9.17641735    
         226   9.01997852       9.18534088    
         227   9.03991127       9.24741268    
         228   9.05980110       9.27504063    
         229   9.07964802       9.29013062    
         230   9.09945107       9.30263615    
         231   9.11921024       9.31340885    
         232   9.13892841       9.32729244    
         233   9.15860271       9.33049011    
         234   9.17823505       9.33591843    
         235   9.19782639       9.34789371    
         236   9.21737480       9.36740494    
         237   9.23688316       9.37240982    
         238   9.25634956       9.47026443    
         239   9.27577591       9.50788784    
         240   9.29516029       9.53587914    
         241   9.31450558       9.53773594    
         242   9.33380985       9.55667114    
         243   9.35307503       9.57485199    
         244   9.37230015       9.59324074    
         245   9.39148617       9.61285114    
         246   9.41063309       9.62407017    
         247   9.42973995       9.63177204    
         248   9.44880962       9.64248466    
         249   9.46784019       9.65731430    
         250   9.48683357       9.66613102    
         251   9.50578785       9.67496967    
         252   9.52470493       9.68042564    
         253   9.54358482       9.71807003    
         254   9.56242657       9.72986889    
         255   9.58123207       9.73648071    
         256   9.60000038       9.74120808    
         257   9.61873245       9.84081936    
         258   9.63742733       9.84334850    
         259   9.65608692       9.84522724    
         260   9.67470932       9.85085773    
         261   9.69329739       9.88003635    
         262   9.71184921       9.88789272    
         263   9.73036575       9.88885880    
         264   9.74884701       9.89341545    
         265   9.76729202       9.90756512    
         266   9.78570461       9.92767239    
         267   9.80408192       9.94330788    
         268   9.82242298       9.94660187    
         269   9.84073257       9.94918442    
         270   9.85900688       9.95970821    
         271   9.87724686       9.96301460    
         272   9.89545345       9.97502613    
         273   9.91362667       9.97598648    
         274   9.93176842       9.97850227    
         275   9.94987488       10.0438042    
         276   9.96794891       10.0596962    
         277   9.98599052       10.0793686    
         278   10.0039997       10.1326284    
         279   10.0219765       10.1350784    
         280   10.0399208       10.1458006    
         281   10.0578327       10.1600790    
         282   10.0757141       10.1863890    
         283   10.0935621       10.1924400    
         284   10.1113796       10.2074718    
         285   10.1291656       10.2158842    
         286   10.1469212       10.2238245    
         287   10.1646452       10.2593374    
         288   10.1823378       10.2685261    
         289   10.2000008       10.2712116    
         290   10.2176323       10.2805691    
         291   10.2352333       10.2853231    
         292   10.2528048       10.3290949    
         293   10.2703457       10.3385096    
         294   10.2878580       10.3452520    
         295   10.3053389       10.3650913    
         296   10.3227911       10.3738623    
         297   10.3402138       10.3743763    
         298   10.3576059       10.3768082    
         299   10.3749704       10.3788471    
         300   10.3923054       10.3919859    
         301   10.4096117       10.3967113    
         302   10.4268885       10.3976870    
         303   10.4441376       10.4058971    
         304   10.4613581       10.4080811    
         305   10.4785500       10.4192762    
         306   10.4957132       10.4487171    
         307   10.5128498       10.4609442    
         308   10.5299578       10.4650221    
         309   10.5470381       10.4651890    
         310   10.5640907       10.4859886    
         311   10.5811157       10.4917755    
         312   10.5981131       10.4925900    
         313   10.6150846       10.5056458    
         314   10.6320276       10.5218210    
         315   10.6489439       10.5249891    
         316   10.6658335       10.5352211    
         317   10.6826963       10.5365686    
         318   10.6995325       10.5901079    
         319   10.7163429       10.5939531    
         320   10.7331266       10.6048803    
         321   10.7498846       10.6175594    
         322   10.7666159       10.6209316    
         323   10.7833204       10.7250977    
         324   10.8000002       10.7251616    
         325   10.8166542       10.7322998    
         326   10.8332825       10.7460413    
         327   10.8498850       10.7617569    
         328   10.8664627       10.8298597    
         329   10.8830147       10.8373156    
         330   10.8995409       10.8905497    
         331   10.9160433       10.8967428    
         332   10.9325209       10.9020519    
         333   10.9489727       11.0314245    
         334   10.9654007       11.0796995    
         335   10.9818039       11.0971336    
         336   10.9981823       11.0998821    
         337   11.0145359       11.1017780    
         338   11.0308666       11.1046085    
         339   11.0471725       11.1247787    
         340   11.0634537       11.1627359    
         341   11.0797110       11.1772308    
         342   11.0959454       11.1848202    
         343   11.1121559       11.1887751    
         344   11.1283426       11.1893044    
         345   11.1445055       11.1924067    
         346   11.1606464       11.1924934    
         347   11.1767616       11.2278156    
         348   11.1928558       11.2458448    
         349   11.2089252       11.2466974    
         350   11.2249718       11.2533617    
         351   11.2409973       11.2662706    
         352   11.2569981       11.3026257    
         353   11.2729769       11.3101683    
         354   11.2889328       11.3248987    
         355   11.3048668       11.3293753    
         356   11.3207779       11.3300104    
         357   11.3366661       11.3434458    
         358   11.3525324       11.3677692    
         359   11.3683777       11.3724222    
         360   11.3841991       11.4166965    
         361   11.4000006       11.4291954    
         362   11.4157791       11.4302101    
         363   11.4315357       11.4320660    
         364   11.4472713       11.4333553    
         365   11.4629841       11.4616117    
         366   11.4786758       11.4771519    
         367   11.4943466       11.4875412    
         368   11.5099964       11.4921904    
         369   11.5256243       11.5339785    
         370   11.5412312       11.5607233    
         371   11.5568161       11.5627041    
         372   11.5723820       11.5749331    
         373   11.5879250       11.5804749    
         374   11.6034479       11.5854998    
         375   11.6189499       11.5896626    
         376   11.6344328       11.5947828    
         377   11.6498938       11.6339226    
         378   11.6653337       11.6531296    
         379   11.6807537       11.6623764    
         380   11.6961536       11.6669893    
         381   11.7115326       11.6697664    
         382   11.7268925       11.7263098    
         383   11.7422314       11.7290764    
         384   11.7575512       11.7440100    
         385   11.7728500       11.8147755    
         386   11.7881298       11.8270378    
         387   11.8033895       11.8358526    
         388   11.8186302       11.8518448    
         389   11.8338509       11.8973904    
         390   11.8490505       11.9071674    
         391   11.8642321       11.9141512    
         392   11.8793945       11.9255123    
         393   11.8945370       11.9391785    
         394   11.9096603       11.9463158    
         395   11.9247646       11.9463634    
         396   11.9398489       11.9483986    
         397   11.9549150       11.9590406    
         398   11.9699631       11.9848337    
         399   11.9849911       11.9925842    
         400   12.0000000       11.9937401    
         401   12.0149908       11.9962349    
         402   12.0299635       11.9991646    
         403   12.0449162       12.0026169    
         404   12.0598507       12.0088158    
         405   12.0747671       12.0649576    
         406   12.0896654       12.0846128    
         407   12.1045446       12.1216707    
         408   12.1194057       12.1277838    
         409   12.1342497       12.1279745    
         410   12.1490746       12.1319923    
         411   12.1638813       12.1385546    
         412   12.1786699       12.1439085    
         413   12.1934414       12.1742210    
         414   12.2081947       12.1868887    
         415   12.2229300       12.1945438    
         416   12.2376471       12.2010689    
         417   12.2523470       12.2094164    
         418   12.2670288       12.2396784    
         419   12.2816944       12.2491865    
         420   12.2963419       12.3073101    
         421   12.3109713       12.3092909    
         422   12.3255835       12.3206472    
         423   12.3401785       12.3211670    
         424   12.3547573       12.3259268    
         425   12.3693171       12.3756628    
         426   12.3838606       12.4110003    
         427   12.3983879       12.4478579    
         428   12.4128962       12.5323706    
         429   12.4273891       12.5367260    
         430   12.4418650       12.5457163    
         431   12.4563246       12.5469360    
         432   12.4707661       12.5697393    
         433   12.4851923       12.6232986    
         434   12.4996004       12.6640177    
         435   12.5139923       12.6869020    
         436   12.5283689       12.6930571    
         437   12.5427275       12.6937885    
         438   12.5570707       12.6977835    
         439   12.5713968       12.7115355    
         440   12.5857067       12.7316675    
         441   12.6000004       12.7415180    
         442   12.6142778       12.7444887    
         443   12.6285400       12.7482071    
         444   12.6427851       12.7505016    
         445   12.6570139       12.7577229    
         446   12.6712275       12.7582989    
         447   12.6854248       12.7755785    
         448   12.6996069       12.7771015    
         449   12.7137728       12.7853994    
         450   12.7279224       12.7897387    
         451   12.7420568       12.7930212    
         452   12.7561760       12.8056564    
         453   12.7702780       12.8270903    
         454   12.7843657       12.8301306    
         455   12.7984381       12.8695440    
         456   12.8124943       12.8734446    
         457   12.8265352       12.8793125    
         458   12.8405609       12.8852768    
         459   12.8545723       12.8902864    
         460   12.8685675       12.9209366    
         461   12.8825474       12.9328632    
         462   12.8965111       12.9616461    
         463   12.9104614       12.9670591    
         464   12.9243956       12.9689245    
         465   12.9383154       12.9860516    
         466   12.9522200       12.9967508    
         467   12.9661112       12.9975462    
         468   12.9799852       12.9998598    
         469   12.9938459       13.0147219    
         470   13.0076904       13.0391226    
         471   13.0215206       13.0577393    
         472   13.0353374       13.0717936    
         473   13.0491390       13.0779181    
         474   13.0629253       13.1148720    
         475   13.0766973       13.1219835    
         476   13.0904551       13.1555653    
         477   13.1041985       13.1604481    
         478   13.1179266       13.1699648    
         479   13.1316414       13.2021465    
         480   13.1453428       13.2137327    
         481   13.1590281       13.2197237    
         482   13.1726999       13.2362757    
         483   13.1863565       13.2670994    
         484   13.2000008       13.2716942    
         485   13.2136297       13.2783461    
         486   13.2272453       13.2812166    
         487   13.2408466       13.2827444    
         488   13.2544336       13.2850943    
         489   13.2680073       13.2887335    
         490   13.2815676       13.3170166    
         491   13.2951126       13.3306265    
         492   13.3086443       13.3376055    
         493   13.3221626       13.3384552    
         494   13.3356667       13.3441191    
         495   13.3491583       13.3449421    
         496   13.3626347       13.3563700    
         497   13.3760986       13.3614588    
         498   13.3895493       13.3694534    
         499   13.4029856       13.3698797    
         500   13.4164085       13.3944864    
         501   13.4298182       13.3944902    
         502   13.4432154       13.4724455    
         503   13.4565973       13.4772882    
         504   13.4699669       13.4879465    
         505   13.4833231       13.4879713    
         506   13.4966669       13.5101233    
         507   13.5099974       13.5233173    
         508   13.5233135       13.5342693    
         509   13.5366173       13.5419693    
         510   13.5499086       13.5614271    
         511   13.5631857       13.5632191    
         512   13.5764503       13.5751095    
         513   13.5897026       13.5908432    
         514   13.6029415       13.5959301    
         515   13.6161671       13.6215172    
         516   13.6293802       13.6218681    
         517   13.6425810       13.6591463    
         518   13.6557684       13.6724930    
         519   13.6689444       13.6735802    
         520   13.6821060       13.6755266    
         521   13.6952553       13.6931477    
         522   13.7083921       13.6972427    
         523   13.7215166       13.7104664    
         524   13.7346287       13.7129927    
         525   13.7477274       13.7140446    
         526   13.7608147       13.7149096    
         527   13.7738886       13.7309952    
         528   13.7869511       13.7342472    
         529   13.8000002       13.7454824    
         530   13.8130379       13.7731562    
         531   13.8260632       13.7779493    
         532   13.8390751       13.8294487    
         533   13.8520756       13.8594942    
         534   13.8650646       13.8703680    
         535   13.8780413       13.8826180    
         536   13.8910055       13.8875542    
         537   13.9039564       13.8910456    
         538   13.9168959       13.8955669    
         539   13.9298248       13.8986235    
         540   13.9427404       13.9082375    
         541   13.9556446       13.9118786    
         542   13.9685364       13.9254150    
         543   13.9814167       13.9345016    
         544   13.9942846       13.9368248    
         545   14.0071421       13.9541254    
         546   14.0199862       13.9872665    
         547   14.0328188       13.9953318    
         548   14.0456400       14.0120344    
         549   14.0584507       14.0177803    
         550   14.0712471       14.0679731    
         551   14.0840340       14.0713530    
         552   14.0968084       14.0719099    
         553   14.1095715       14.0785770    
         554   14.1223230       14.0803394    
         555   14.1350632       14.0818872    
         556   14.1477919       14.0840111    
         557   14.1605091       14.1038694    
         558   14.1732149       14.1247787    
         559   14.1859093       14.1382341    
         560   14.1985922       14.1408224    
         561   14.2112637       14.1453629    
         562   14.2239237       14.1523085    
         563   14.2365732       14.1570520    
         564   14.2492113       14.1753464    
         565   14.2618370       14.1882515    
         566   14.2744532       14.2158070    
         567   14.2870579       14.2165899    
         568   14.2996511       14.2226114    
         569   14.3122339       14.2364388    
         570   14.3248034       14.2448664    
         571   14.3373652       14.2653284    
         572   14.3499136       14.2692947    
         573   14.3624516       14.2928724    
         574   14.3749790       14.3046551    
         575   14.3874960       14.3106537    
         576   14.4000006       14.3214645    
         577   14.4124956       14.3274851    
         578   14.4249783       14.3294716    
         579   14.4374514       14.3472567    
         580   14.4499140       14.3842497    
         581   14.4623652       14.3925915    
         582   14.4748058       14.3931713    
         583   14.4872370       14.4204941    
         584   14.4996557       14.4227076    
         585   14.5120649       14.4281130    
         586   14.5244627       14.4291277    
         587   14.5368500       14.4531622    
         588   14.5492268       14.4562483    
         589   14.5615931       14.4794607    
         590   14.5739498       14.4842110    
         591   14.5862951       14.4872398    
         592   14.5986309       14.5218534    
         593   14.6109552       14.5272627    
         594   14.6232700       14.5308065    
         595   14.6355734       14.5443182    
         596   14.6478672       14.5713291    
         597   14.6601515       14.6475153    
         598   14.6724234       14.6502371    
         599   14.6846857       14.6578312    
         600   14.6969395       14.6740417    
         601   14.7091808       14.6812830    
         602   14.7214136       14.6957684    
         603   14.7336359       14.7046337    
         604   14.7458477       14.7085686    
         605   14.7580500       14.7178087    
         606   14.7702408       14.7194262    
         607   14.7824221       14.7222452    
         608   14.7945938       14.7388391    
         609   14.8067560       14.7405767    
         610   14.8189068       14.7439623    
         611   14.8310490       14.7457523    
         612   14.8431807       14.7812700    
         613   14.8553028       14.7820835    
         614   14.8674154       14.7825289    
         615   14.8795176       14.7836037    
         616   14.8916092       14.7949724    
         617   14.9036913       14.8012152    
         618   14.9157639       14.8362112    
         619   14.9278269       14.8452044    
         620   14.9398804       14.8643627    
         621   14.9519243       14.8875093    
         622   14.9639578       14.8946161    
         623   14.9759817       14.9027882    
         624   14.9879961       14.9043846    
         625   15.0000010       14.9047747    
         626   15.0119963       14.9171085    
         627   15.0239820       14.9207239    
         628   15.0359583       14.9221029    
         629   15.0479240       14.9224539    
         630   15.0598803       14.9255486    
         631   15.0718279       14.9538746    
         632   15.0837669       14.9647636    
         633   15.0956945       14.9684105    
         634   15.1076155       14.9757147    
         635   15.1195240       14.9985085    
         636   15.1314249       14.9999762    
         637   15.1433163       15.0022516    
         638   15.1551971       15.0119781    
         639   15.1670704       15.0126534    
         640   15.1789331       15.0416651    
         641   15.1907873       15.0655289    
         642   15.2026320       15.0705404    
         643   15.2144670       15.0904160    
         644   15.2262936       15.0947456    
         645   15.2381105       15.1130114    
         646   15.2499189       15.1426725    
         647   15.2617178       15.1451883    
         648   15.2735071       15.1502056    
         649   15.2852879       15.1503735    
         650   15.2970591       15.1634932    
         651   15.3088217       15.1662083    
         652   15.3205748       15.1907101    
         653   15.3323202       15.2027273    
         654   15.3440542       15.2067337    
         655   15.3557816       15.2258310    
         656   15.3674994       15.2518511    
         657   15.3792076       15.2523041    
         658   15.3909063       15.2658339    
         659   15.4025984       15.2661400    
         660   15.4142799       15.3313723    
         661   15.4259529       15.3318195    
         662   15.4376173       15.3607635    
         663   15.4492731       15.3623915    
         664   15.4609194       15.3644943    
         665   15.4725571       15.3826656    
         666   15.4841862       15.3843775    
         667   15.4958067       15.4017439    
         668   15.5074177       15.4029884    
         669   15.5190210       15.4071779    
         670   15.5306149       15.4099264    
         671   15.5422010       15.4418421    
         672   15.5537777       15.4486551    
         673   15.5653467       15.4696264    
         674   15.5769062       15.5090723    
         675   15.5884581       15.5136919    
         676   15.6000004       15.5140629    
         677   15.6115351       15.5196285    
         678   15.6230602       15.5318756    
         679   15.6345778       15.5555725    
         680   15.6460857       15.5646582    
         681   15.6575861       15.5672178    
         682   15.6690779       15.5688562    
         683   15.6805611       15.5738802    
         684   15.6920366       15.6072140    
         685   15.7035036       15.6103067    
         686   15.7149611       15.6286297    
         687   15.7264118       15.6308775    
         688   15.7378531       15.6314516    
         689   15.7492867       15.6447926    
         690   15.7607107       15.6518116    
         691   15.7721281       15.6668062    
         692   15.7835360       15.6930761    
         693   15.7949371       15.7112389    
         694   15.8063288       15.7221851    
         695   15.8177118       15.7231932    
         696   15.8290873       15.7315035    
         697   15.8404551       15.7333727    
         698   15.8518143       15.7354193    
         699   15.8631659       15.7442064    
         700   15.8745089       15.7777367    
         701   15.8858433       15.7825060    
         702   15.8971701       15.7944193    
         703   15.9084883       15.8019094    
         704   15.9197998       15.8324432    
         705   15.9311018       15.8333883    
         706   15.9423962       15.8348455    
         707   15.9536839       15.8383732    
         708   15.9649620       15.8427534    
         709   15.9762335       15.8482981    
         710   15.9874954       15.8576145    
         711   15.9987507       15.8738508    
         712   16.0099983       15.8760080    
         713   16.0212364       15.8801746    
         714   16.0324669       15.9007626    
         715   16.0436916       15.9025183    
         716   16.0549068       15.9178314    
         717   16.0661144       15.9342556    
         718   16.0773144       15.9354219    
         719   16.0885048       15.9707460    
         720   16.0996895       15.9867773    
         721   16.1108665       16.0097408    
         722   16.1220360       16.0230083    
         723   16.1331959       16.0328369    
         724   16.1443501       16.0473766    
         725   16.1554947       16.0592918    
         726   16.1666336       16.0690937    
         727   16.1777630       16.0871773    
         728   16.1888866       16.0895634    
         729   16.2000008       16.0931206    
         730   16.2111092       16.1109180    
         731   16.2222080       16.1221447    
         732   16.2332993       16.1530113    
         733   16.2443848       16.1655483    
         734   16.2554607       16.1887722    
         735   16.2665310       16.1951084    
         736   16.2775936       16.2173557    
         737   16.2886467       16.2458134    
         738   16.2996941       16.2515430    
         739   16.3107338       16.2965221    
         740   16.3217659       16.3004837    
         741   16.3327904       16.3013649    
         742   16.3438072       16.3165646    
         743   16.3548164       16.3230591    
         744   16.3658180       16.3243160    
         745   16.3768139       16.3278217    
         746   16.3878002       16.3436546    
         747   16.3987808       16.3767262    
         748   16.4097538       16.3778019    
         749   16.4207191       16.3944912    
         750   16.4316769       16.4017162    
         751   16.4426289       16.4049282    
         752   16.4535713       16.4099979    
         753   16.4645081       16.4129295    
         754   16.4754372       16.4186230    
         755   16.4863586       16.4220181    
         756   16.4972744       16.4268894    
         757   16.5081806       16.4447803    
         758   16.5190811       16.4491291    
         759   16.5299740       16.4606724    
         760   16.5408592       16.4713058    
         761   16.5517387       16.4848671    
         762   16.5626087       16.4871998    
         763   16.5734730       16.4878044    
         764   16.5843315       16.4977131    
         765   16.5951805       16.5157261    
         766   16.6060238       16.5166759    
         767   16.6168594       16.5209389    
         768   16.6276875       16.5724926    
         769   16.6385098       16.5748291    
         770   16.6493263       16.5782547    
         771   16.6601334       16.5922909    
         772   16.6709328       16.5999928    
         773   16.6817265       16.6040840    
         774   16.6925144       16.6083469    
         775   16.7032928       16.6133537    
         776   16.7140675       16.6239262    
         777   16.7248325       16.6304569    
         778   16.7355919       16.6337013    
         779   16.7463436       16.6432781    
         780   16.7570896       16.6448917    
         781   16.7678261       16.6593246    
         782   16.7785587       16.7021370    
         783   16.7892838       16.7024078    
         784   16.8000011       16.7381630    
         785   16.8107109       16.7414532    
         786   16.8214169       16.7530003    
         787   16.8321133       16.7710857    
         788   16.8428020       16.7715015    
         789   16.8534870       16.7719517    
         790   16.8641644       16.7799034    
         791   16.8748341       16.7891197    
         792   16.8854980       16.7978840    
         793   16.8961544       16.7995682    
         794   16.9068031       16.8217258    
         795   16.9174461       16.8250027    
         796   16.9280834       16.8319893    
         797   16.9387131       16.8443546    
         798   16.9493370       16.8505135    
         799   16.9599533       16.8672581    
         800   16.9705639       16.8819122    
         801   16.9811668       16.8827915    
         802   16.9917641       16.8898811    
         803   17.0023537       16.8941784    
         804   17.0129375       16.8944855    
         805   17.0235138       16.9045677    
         806   17.0340843       16.9327087    
         807   17.0446472       16.9336357    
         808   17.0552044       16.9511795    
         809   17.0657558       16.9651527    
         810   17.0762997       16.9922123    
         811   17.0868378       16.9945297    
         812   17.0973682       17.0071945    
         813   17.1078930       17.0222683    
         814   17.1184120       17.0420227    
         815   17.1289234       17.0674858    
         816   17.1394291       17.0872211    
         817   17.1499271       17.0911655    
         818   17.1604195       17.0978413    
         819   17.1709061       17.1061440    
         820   17.1813869       17.1067333    
         821   17.1918583       17.1076756    
         822   17.2023258       17.1128387    
         823   17.2127876       17.1467972    
         824   17.2232418       17.1544514    
         825   17.2336884       17.1626644    
         826   17.2441292       17.1664715    
         827   17.2545662       17.1811962    
         828   17.2649956       17.1815338    
         829   17.2754173       17.2017994    
         830   17.2858334       17.2062283    
         831   17.2962437       17.2169800    
         832   17.3066463       17.2373371    
         833   17.3170452       17.2489719    
         834   17.3274364       17.2570477    
         835   17.3378201       17.2698994    
         836   17.3481998       17.2989197    
         837   17.3585720       17.3027859    
         838   17.3689384       17.3166142    
         839   17.3792992       17.3250942    
         840   17.3896523       17.3280163    
         841   17.4000015       17.3327122    
         842   17.4103432       17.3338337    
         843   17.4206772       17.3377304    
         844   17.4310074       17.3388348    
         845   17.4413319       17.3418522    
         846   17.4516487       17.3498173    
         847   17.4619598       17.3504734    
         848   17.4722652       17.3673782    
         849   17.4825630       17.4176178    
         850   17.4928570       17.4246731    
         851   17.5031433       17.4394016    
         852   17.5134239       17.4578152    
         853   17.5236988       17.4624920    
         854   17.5339680       17.4633007    
         855   17.5442314       17.4634323    
         856   17.5544872       17.4759865    
         857   17.5647392       17.4980602    
         858   17.5749836       17.5115833    
         859   17.5852222       17.5387840    
         860   17.5954552       17.5650864    
         861   17.6056824       17.5925713    
         862   17.6159019       17.5998440    
         863   17.6261177       17.5999031    
         864   17.6363277       17.6024666    
         865   17.6465302       17.6188717    
         866   17.6567268       17.6221161    
         867   17.6669197       17.6239262    
         868   17.6771049       17.6365948    
         869   17.6872845       17.6524410    
         870   17.6974583       17.6556053    
         871   17.7076263       17.6943893    
         872   17.7177887       17.6987762    
         873   17.7279453       17.7043648    
         874   17.7380962       17.7089119    
         875   17.7482395       17.7135506    
         876   17.7583790       17.7160416    
         877   17.7685127       17.7164135    
         878   17.7786407       17.7254219    
         879   17.7887611       17.7644844    
         880   17.7988758       17.7960567    
         881   17.8089867       17.8051014    
         882   17.8190918       17.8165112    
         883   17.8291912       17.8297024    
         884   17.8392830       17.8372650    
         885   17.8493710       17.8414726    
         886   17.8594532       17.8584499    
         887   17.8695278       17.8655472    
         888   17.8795986       17.8703804    
         889   17.8896618       17.8748341    
         890   17.8997211       17.8818169    
         891   17.9097748       17.8934727    
         892   17.9198227       17.9062023    
         893   17.9298649       17.9200554    
         894   17.9399014       17.9264317    
         895   17.9499302       17.9371567    
         896   17.9599571       17.9437332    
         897   17.9699764       17.9621105    
         898   17.9799900       17.9663467    
         899   17.9899979       17.9697590    
         900   18.0000000       17.9807186    
         901   18.0099983       17.9811020    
         902   18.0199909       17.9839935    
         903   18.0299759       18.0020485    
         904   18.0399570       18.0122013    
         905   18.0499306       18.0125008    
         906   18.0599022       18.0146217    
         907   18.0698643       18.0199261    
         908   18.0798225       18.0359936    
         909   18.0897770       18.0384140    
         910   18.0997238       18.0450153    
         911   18.1096668       18.0582542    
         912   18.1196022       18.0590591    
         913   18.1295338       18.0708790    
         914   18.1394615       18.0830307    
         915   18.1493797       18.0846939    
         916   18.1592960       18.1018429    
         917   18.1692047       18.1043930    
         918   18.1791096       18.1067810    
         919   18.1890087       18.1133785    
         920   18.1989021       18.1142254    
         921   18.2087898       18.1254387    
         922   18.2186718       18.1309700    
         923   18.2285500       18.1392689    
         924   18.2384205       18.1552601    
         925   18.2482891       18.1628418    
         926   18.2581501       18.1667900    
         927   18.2680054       18.1932259    
         928   18.2778568       18.1935539    
         929   18.2877026       18.1946087    
         930   18.2975407       18.2133865    
         931   18.3073769       18.2294159    
         932   18.3172054       18.2314701    
         933   18.3270302       18.2491760    
         934   18.3368492       18.2624893    
         935   18.3466625       18.2745876    
         936   18.3564701       18.2928448    
         937   18.3662739       18.3210430    
         938   18.3760719       18.3625488    
         939   18.3858643       18.3693218    
         940   18.3956528       18.3719368    
         941   18.4054356       18.3741455    
         942   18.4152126       18.3913898    
         943   18.4249840       18.3915768    
         944   18.4347496       18.4041386    
         945   18.4445114       18.4077129    
         946   18.4542675       18.4195251    
         947   18.4640198       18.4442997    
         948   18.4737663       18.4624329    
         949   18.4835072       18.4715767    
         950   18.4932423       18.4818306    
         951   18.5029736       18.4858723    
         952   18.5126991       18.5022411    
         953   18.5224209       18.5057564    
         954   18.5321350       18.5231895    
         955   18.5418453       18.5246506    
         956   18.5515518       18.5267200    
         957   18.5612507       18.5472126    
         958   18.5709457       18.5606747    
         959   18.5806370       18.5982723    
         960   18.5903206       18.6572857    
         961   18.6000004       18.6580009    
         962   18.6096764       18.6581097    
         963   18.6193466       18.6791801    
         964   18.6290112       18.6896362    
         965   18.6386700       18.6995468    
         966   18.6483250       18.7107639    
         967   18.6579762       18.7109528    
         968   18.6676197       18.7172470    
         969   18.6772594       18.7260818    
         970   18.6868954       18.7399292    
         971   18.6965256       18.7405987    
         972   18.7061501       18.7490559    
         973   18.7157688       18.7499504    
         974   18.7253838       18.7577209    
         975   18.7349949       18.7592373    
         976   18.7446003       18.7719784    
         977   18.7542000       18.7852345    
         978   18.7637959       18.8150845    
         979   18.7733860       18.8242035    
         980   18.7829723       18.8431416    
         981   18.7925529       18.8464203    
         982   18.8021278       18.8503799    
         983   18.8116989       18.8666878    
         984   18.8212662       18.8784485    
         985   18.8308277       18.9113865    
         986   18.8403835       18.9126759    
         987   18.8499336       18.9405384    
         988   18.8594799       18.9421425    
         989   18.8690224       18.9453640    
         990   18.8785610       18.9516640    
         991   18.8880920       18.9517345    
         992   18.8976192       18.9522743    
         993   18.9071426       18.9537811    
         994   18.9166603       18.9547672    
         995   18.9261742       18.9799347    
         996   18.9356804       18.9840107    
         997   18.9451847       18.9903450    
         998   18.9546833       19.0076408    
         999   18.9641781       19.0106239    
        1000   18.9736671       19.0176582    
