 # n       sqrt(n)     drms   
           1  0.108999997       6.23714775E-02
           2  0.154149279      0.202210173    
           3  0.188793525      0.205255508    
           4  0.217999995      0.211996943    
           5  0.243731409      0.212239295    
           6  0.266994387      0.220104694    
           7  0.288386881      0.251958817    
           8  0.308298558      0.284072280    
           9  0.326999992      0.285106421    
          10  0.344688267      0.286062747    
          11  0.361512095      0.328286707    
          12  0.377587050      0.372617275    
          13  0.393005073      0.375856310    
          14  0.407840669      0.384809047    
          15  0.422155172      0.399791688    
          16  0.435999990      0.413558394    
          17  0.449418485      0.442727953    
          18  0.462447792      0.447134703    
          19  0.475119978      0.451628834    
          20  0.487462819      0.462981910    
          21  0.499500751      0.472651809    
          22  0.511255324      0.476520568    
          23  0.522745669      0.486109495    
          24  0.533988774      0.496915460    
          25  0.544999957      0.509742439    
          26  0.555793107      0.516546488    
          27  0.566380560      0.519296944    
          28  0.576773763      0.524584174    
          29  0.586982965      0.527116656    
          30  0.597017586      0.528210521    
          31  0.606886268      0.528943539    
          32  0.616597116      0.533012629    
          33  0.626157284      0.540213704    
          34  0.635573745      0.542440116    
          35  0.644852698      0.545137584    
          36  0.653999984      0.550890923    
          37  0.663021147      0.552553475    
          38  0.671921074      0.580352485    
          39  0.680704772      0.580887377    
          40  0.689376533      0.587913215    
          41  0.697940528      0.596078038    
          42  0.706400692      0.601877868    
          43  0.714760780      0.607990623    
          44  0.723024189      0.611992598    
          45  0.731194198      0.623915255    
          46  0.739273965      0.632677138    
          47  0.747266352      0.675133944    
          48  0.755174100      0.680145204    
          49  0.763000011      0.685080528    
          50  0.770746350      0.702872276    
          51  0.778415680      0.705293179    
          52  0.786010146      0.710892200    
          53  0.793531954      0.729740143    
          54  0.800983131      0.737379968    
          55  0.808365583      0.752523899    
          56  0.815681338      0.755284309    
          57  0.822931886      0.761785209    
          58  0.830119252      0.774556220    
          59  0.837244868      0.783776462    
          60  0.844310343      0.784868956    
          61  0.851317227      0.798241913    
          62  0.858266830      0.803287327    
          63  0.865160644      0.804382145    
          64  0.871999979      0.812529445    
          65  0.878786087      0.815775931    
          66  0.885520220      0.815778017    
          67  0.892203391      0.818190157    
          68  0.898836970      0.819845021    
          69  0.905421913      0.821547270    
          70  0.911959410      0.844018936    
          71  0.918450236      0.858268976    
          72  0.924895585      0.876189351    
          73  0.931296349      0.876906812    
          74  0.937653422      0.883753538    
          75  0.943967700      0.883940578    
          76  0.950239956      0.888400078    
          77  0.956471086      0.926035404    
          78  0.962661862      0.937287569    
          79  0.968813121      0.946506619    
          80  0.974925637      0.948195815    
          81  0.980999947      0.954676628    
          82  0.987037003      0.961727500    
          83  0.993037224      0.966414392    
          84  0.999001503      0.969333172    
          85   1.00493026      0.979617774    
          86   1.01082444      0.981391907    
          87   1.01668429      0.989981115    
          88   1.02251065       1.00495875    
          89   1.02830386       1.01143205    
          90   1.03406477       1.01632476    
          91   1.03979373       1.02361596    
          92   1.04549134       1.02887988    
          93   1.05115795       1.03714943    
          94   1.05679429       1.04060280    
          95   1.06240058       1.04133940    
          96   1.06797755       1.04537559    
          97   1.07352543       1.05803299    
          98   1.07904494       1.06000781    
          99   1.08453619       1.07068264    
         100   1.08999991       1.08435690    
         101   1.09543633       1.08718920    
         102   1.10084593       1.09059381    
         103   1.10622919       1.09814119    
         104   1.11158621       1.10786140    
         105   1.11691761       1.11048663    
         106   1.12222373       1.11436772    
         107   1.12750471       1.12185490    
         108   1.13276112       1.12185669    
         109   1.13799345       1.12707019    
         110   1.14320159       1.12712705    
         111   1.14838624       1.13918757    
         112   1.15354753       1.13946521    
         113   1.15868592       1.13953185    
         114   1.16380155       1.14022100    
         115   1.16889477       1.14445233    
         116   1.17396593       1.14998007    
         117   1.17901528       1.15581739    
         118   1.18404305       1.15630555    
         119   1.18904960       1.17505825    
         120   1.19403517       1.17632675    
         121   1.19900000       1.17690158    
         122   1.20394433       1.18237782    
         123   1.20886838       1.18460679    
         124   1.21377254       1.20162892    
         125   1.21865702       1.20602226    
         126   1.22352195       1.20679390    
         127   1.22836757       1.20925057    
         128   1.23319423       1.21174645    
         129   1.23800194       1.21340156    
         130   1.24279118       1.21976519    
         131   1.24756205       1.22220373    
         132   1.25231457       1.22334564    
         133   1.25704920       1.22672379    
         134   1.26176620       1.22776675    
         135   1.26646554       1.23407841    
         136   1.27114749       1.24337280    
         137   1.27581227       1.24872482    
         138   1.28046000       1.25249815    
         139   1.28509104       1.25513947    
         140   1.28970540       1.25943780    
         141   1.29430330       1.26195204    
         142   1.29888487       1.26879275    
         143   1.30345035       1.26920271    
         144   1.30799997       1.27073753    
         145   1.31253374       1.28441739    
         146   1.31705201       1.28505254    
         147   1.32155466       1.29070640    
         148   1.32604229       1.30058122    
         149   1.33051455       1.30811632    
         150   1.33497190       1.31211388    
         151   1.33941448       1.32016909    
         152   1.34384215       1.32340407    
         153   1.34825552       1.32540369    
         154   1.35265446       1.32644224    
         155   1.35703897       1.32909894    
         156   1.36140954       1.34009445    
         157   1.36576605       1.34525561    
         158   1.37010872       1.34591126    
         159   1.37443769       1.35042369    
         160   1.37875307       1.35059941    
         161   1.38305497       1.35161412    
         162   1.38734353       1.36405230    
         163   1.39161885       1.37709820    
         164   1.39588106       1.37711334    
         165   1.40013039       1.37802422    
         166   1.40436673       1.38494360    
         167   1.40859032       1.38658488    
         168   1.41280138       1.39096761    
         169   1.41699994       1.39097524    
         170   1.42118609       1.39515626    
         171   1.42535985       1.39594710    
         172   1.42952156       1.39648783    
         173   1.43367112       1.39744437    
         174   1.43780863       1.39752913    
         175   1.44193447       1.40136456    
         176   1.44604838       1.40249014    
         177   1.45015061       1.40324092    
         178   1.45424139       1.40605128    
         179   1.45832062       1.40765023    
         180   1.46238840       1.41319239    
         181   1.46644497       1.41610074    
         182   1.47049046       1.41836071    
         183   1.47452462       1.42498374    
         184   1.47854793       1.43420148    
         185   1.48256028       1.44338381    
         186   1.48656178       1.44355464    
         187   1.49055254       1.44878983    
         188   1.49453270       1.45139897    
         189   1.49850225       1.45492876    
         190   1.50246131       1.45607114    
         191   1.50641000       1.48292756    
         192   1.51034820       1.48495257    
         193   1.51427627       1.48563755    
         194   1.51819432       1.49025953    
         195   1.52210212       1.50193155    
         196   1.52600002       1.50555646    
         197   1.52988780       1.51934946    
         198   1.53376591       1.52876949    
         199   1.53763425       1.52924228    
         200   1.54149270       1.53367937    
         201   1.54534173       1.53426564    
         202   1.54918098       1.53442919    
         203   1.55301082       1.53831613    
         204   1.55683136       1.53981853    
         205   1.56064248       1.54561198    
         206   1.56444430       1.54994726    
         207   1.56823695       1.56303036    
         208   1.57202029       1.56740820    
         209   1.57579470       1.57536590    
         210   1.57956004       1.58596385    
         211   1.58331645       1.58691537    
         212   1.58706391       1.58889925    
         213   1.59080255       1.59475350    
         214   1.59453249       1.59640360    
         215   1.59825373       1.60628855    
         216   1.60196626       1.60847044    
         217   1.60567021       1.61369681    
         218   1.60936570       1.61525047    
         219   1.61305273       1.61597288    
         220   1.61673117       1.61699426    
         221   1.62040150       1.61839473    
         222   1.62406349       1.62828410    
         223   1.62771714       1.63189995    
         224   1.63136268       1.63705409    
         225   1.63499999       1.64537752    
         226   1.63862932       1.65821052    
         227   1.64225054       1.66849208    
         228   1.64586377       1.67098486    
         229   1.64946926       1.67138290    
         230   1.65306675       1.67691886    
         231   1.65665650       1.68335700    
         232   1.66023850       1.68454075    
         233   1.66381276       1.68795002    
         234   1.66737926       1.69011080    
         235   1.67093837       1.69127679    
         236   1.67448974       1.69302630    
         237   1.67803359       1.69431365    
         238   1.68157005       1.70334542    
         239   1.68509912       1.71469843    
         240   1.68862069       1.71939909    
         241   1.69213498       1.72312081    
         242   1.69564199       1.72651947    
         243   1.69914174       1.72965240    
         244   1.70263445       1.73346722    
         245   1.70611989       1.73613679    
         246   1.70959818       1.73643184    
         247   1.71306944       1.73704255    
         248   1.71653366       1.74028540    
         249   1.71999097       1.74157071    
         250   1.72344124       1.74475181    
         251   1.72688472       1.74720728    
         252   1.73032129       1.75794959    
         253   1.73375106       1.76002157    
         254   1.73717403       1.76294196    
         255   1.74059033       1.77561605    
         256   1.74399996       1.77818656    
         257   1.74740291       1.78038406    
         258   1.75079918       1.78487337    
         259   1.75418901       1.78685749    
         260   1.75757217       1.78838599    
         261   1.76094890       1.78861129    
         262   1.76431918       1.79271710    
         263   1.76768303       1.79770041    
         264   1.77104044       1.79908586    
         265   1.77439129       1.80281305    
         266   1.77773631       1.81350327    
         267   1.78107476       1.81452477    
         268   1.78440678       1.81604552    
         269   1.78773296       1.81759071    
         270   1.79105270       1.82383430    
         271   1.79436648       1.82624936    
         272   1.79767394       1.82719159    
         273   1.80097544       1.83071339    
         274   1.80427110       1.83259809    
         275   1.80756044       1.83682740    
         276   1.81084383       1.84298837    
         277   1.81412148       1.84305620    
         278   1.81739318       1.84525228    
         279   1.82065892       1.84651387    
         280   1.82391882       1.85278070    
         281   1.82717288       1.85283792    
         282   1.83042133       1.85387874    
         283   1.83366370       1.86362147    
         284   1.83690047       1.86535084    
         285   1.84013176       1.86954999    
         286   1.84335732       1.87521315    
         287   1.84657705       1.87626839    
         288   1.84979117       1.87927008    
         289   1.85299993       1.87995374    
         290   1.85620308       1.89224696    
         291   1.85940063       1.89423335    
         292   1.86259270       1.89517128    
         293   1.86577940       1.89549148    
         294   1.86896074       1.90759408    
         295   1.87213635       1.90938830    
         296   1.87530684       1.91294825    
         297   1.87847197       1.91713166    
         298   1.88163161       1.91884637    
         299   1.88478613       1.91946542    
         300   1.88793540       1.92813241    
         301   1.89107931       1.92950666    
         302   1.89421797       1.93094349    
         303   1.89735150       1.93229139    
         304   1.90047991       1.94298565    
         305   1.90360308       1.94368672    
         306   1.90672112       1.95067477    
         307   1.90983427       1.95281327    
         308   1.91294217       1.95668685    
         309   1.91604507       1.96380472    
         310   1.91914308       1.97003269    
         311   1.92223597       1.97329032    
         312   1.92532372       1.97414875    
         313   1.92840683       1.97521985    
         314   1.93148482       1.98257411    
         315   1.93455803       1.98393428    
         316   1.93762624       1.98404992    
         317   1.94068968       1.99323940    
         318   1.94374835       1.99926972    
         319   1.94680214       2.00097513    
         320   1.94985127       2.00211620    
         321   1.95289552       2.00412297    
         322   1.95593512       2.00556421    
         323   1.95896983       2.01118875    
         324   1.96199989       2.01293731    
         325   1.96502531       2.01790476    
         326   1.96804619       2.01917219    
         327   1.97106230       2.02457881    
         328   1.97407401       2.02690530    
         329   1.97708094       2.02954721    
         330   1.98008323       2.03063965    
         331   1.98308110       2.03626919    
         332   1.98607445       2.03659749    
         333   1.98906326       2.03754520    
         334   1.99204767       2.03759408    
         335   1.99502754       2.03973222    
         336   1.99800301       2.04256892    
         337   2.00097394       2.04818177    
         338   2.00394058       2.04957032    
         339   2.00690293       2.05060291    
         340   2.00986052       2.05319262    
         341   2.01281404       2.05524015    
         342   2.01576328       2.05590987    
         343   2.01870823       2.05756426    
         344   2.02164888       2.05912948    
         345   2.02458501       2.06024241    
         346   2.02751732       2.06032825    
         347   2.03044486       2.06699562    
         348   2.03336859       2.07016659    
         349   2.03628802       2.07375932    
         350   2.03920317       2.07609510    
         351   2.04211450       2.07646561    
         352   2.04502130       2.07837415    
         353   2.04792404       2.08144021    
         354   2.05082273       2.08240747    
         355   2.05371737       2.08382368    
         356   2.05660772       2.08436704    
         357   2.05949426       2.08500195    
         358   2.06237674       2.08696365    
         359   2.06525517       2.08943176    
         360   2.06812954       2.09541416    
         361   2.07099986       2.09561920    
         362   2.07386661       2.09806323    
         363   2.07672882       2.10119653    
         364   2.07958746       2.10129690    
         365   2.08244205       2.10325336    
         366   2.08529282       2.10672665    
         367   2.08813953       2.10884356    
         368   2.09098268       2.11210632    
         369   2.09382176       2.11669254    
         370   2.09665680       2.12173319    
         371   2.09948826       2.13284850    
         372   2.10231590       2.13332343    
         373   2.10513949       2.13402510    
         374   2.10795951       2.13426685    
         375   2.11077571       2.13940120    
         376   2.11358857       2.14621067    
         377   2.11639714       2.14847183    
         378   2.11920214       2.15215349    
         379   2.12200356       2.15529704    
         380   2.12480116       2.15600443    
         381   2.12759495       2.15665507    
         382   2.13038540       2.15952229    
         383   2.13317180       2.16367173    
         384   2.13595510       2.16705275    
         385   2.13873434       2.16734719    
         386   2.14151025       2.17132831    
         387   2.14428234       2.17725134    
         388   2.14705086       2.17833042    
         389   2.14981604       2.18143153    
         390   2.15257740       2.18345976    
         391   2.15533543       2.18472743    
         392   2.15808988       2.18523669    
         393   2.16084075       2.18655801    
         394   2.16358829       2.18855190    
         395   2.16633201       2.18885255    
         396   2.16907239       2.18986821    
         397   2.17180943       2.19256759    
         398   2.17454314       2.19380689    
         399   2.17727327       2.19928169    
         400   2.17999983       2.20031595    
         401   2.18272328       2.20031667    
         402   2.18544316       2.20075321    
         403   2.18815970       2.20290184    
         404   2.19087267       2.20484519    
         405   2.19358253       2.20731425    
         406   2.19628906       2.20784950    
         407   2.19899201       2.20835686    
         408   2.20169187       2.20946765    
         409   2.20438862       2.21147704    
         410   2.20708179       2.21283793    
         411   2.20977163       2.21697497    
         412   2.21245837       2.21698833    
         413   2.21514177       2.21932149    
         414   2.21782184       2.22239780    
         415   2.22049880       2.22677302    
         416   2.22317243       2.22796607    
         417   2.22584295       2.22843313    
         418   2.22851014       2.23092151    
         419   2.23117447       2.23860812    
         420   2.23383522       2.23885918    
         421   2.23649287       2.23920417    
         422   2.23914766       2.23940754    
         423   2.24179888       2.23991847    
         424   2.24444747       2.24397635    
         425   2.24709249       2.25176549    
         426   2.24973440       2.25319266    
         427   2.25237370       2.26072478    
         428   2.25500941       2.26233029    
         429   2.25764227       2.26298165    
         430   2.26027203       2.26387787    
         431   2.26289892       2.26411438    
         432   2.26552224       2.26535869    
         433   2.26814318       2.27169323    
         434   2.27076054       2.27238655    
         435   2.27337503       2.27514124    
         436   2.27598691       2.27874613    
         437   2.27859545       2.28509617    
         438   2.28120089       2.29301381    
         439   2.28380370       2.30064821    
         440   2.28640318       2.30183506    
         441   2.28900003       2.31366491    
         442   2.29159379       2.31598902    
         443   2.29418468       2.32099056    
         444   2.29677248       2.32119131    
         445   2.29935741       2.32289553    
         446   2.30193949       2.32630062    
         447   2.30451870       2.32925987    
         448   2.30709505       2.32976818    
         449   2.30966854       2.33218455    
         450   2.31223917       2.33461547    
         451   2.31480694       2.33485246    
         452   2.31737185       2.33709240    
         453   2.31993365       2.33800650    
         454   2.32249308       2.34006691    
         455   2.32504940       2.34103847    
         456   2.32760310       2.34104300    
         457   2.33015370       2.34211063    
         458   2.33270168       2.34438729    
         459   2.33524704       2.34857559    
         460   2.33778954       2.35392332    
         461   2.34032917       2.35479498    
         462   2.34286594       2.36068726    
         463   2.34540033       2.36323738    
         464   2.34793186       2.36360693    
         465   2.35046053       2.36461401    
         466   2.35298657       2.37246561    
         467   2.35551000       2.37425351    
         468   2.35803056       2.37456560    
         469   2.36054850       2.37833834    
         470   2.36306357       2.38040304    
         471   2.36557603       2.38248396    
         472   2.36808610       2.38408971    
         473   2.37059331       2.38757491    
         474   2.37309790       2.39097476    
         475   2.37559986       2.39464426    
         476   2.37809920       2.39532638    
         477   2.38059592       2.39581251    
         478   2.38309002       2.39799786    
         479   2.38558149       2.39984775    
         480   2.38807034       2.40067959    
         481   2.39055657       2.40123963    
         482   2.39304018       2.40303993    
         483   2.39552140       2.40491271    
         484   2.39800000       2.40494084    
         485   2.40047574       2.40506530    
         486   2.40294933       2.40515304    
         487   2.40542030       2.41427970    
         488   2.40788865       2.42022133    
         489   2.41035438       2.42038608    
         490   2.41281796       2.42082071    
         491   2.41527867       2.42150116    
         492   2.41773677       2.42398667    
         493   2.42019272       2.42507362    
         494   2.42264605       2.42867637    
         495   2.42509699       2.43162727    
         496   2.42754507       2.43440628    
         497   2.42999101       2.43906331    
         498   2.43243456       2.44292998    
         499   2.43487549       2.44313216    
         500   2.43731403       2.44395161    
         501   2.43975019       2.44967628    
         502   2.44218397       2.45030642    
         503   2.44461513       2.45079923    
         504   2.44704390       2.45479012    
         505   2.44947028       2.45497608    
         506   2.45189428       2.46496439    
         507   2.45431590       2.46566176    
         508   2.45673513       2.46643543    
         509   2.45915198       2.46741199    
         510   2.46156645       2.47195697    
         511   2.46397853       2.47606301    
         512   2.46638846       2.47885776    
         513   2.46879578       2.47939491    
         514   2.47120094       2.48473477    
         515   2.47360349       2.48664618    
         516   2.47600389       2.48672795    
         517   2.47840214       2.49101591    
         518   2.48079777       2.49430346    
         519   2.48319125       2.49647093    
         520   2.48558235       2.49955249    
         521   2.48797107       2.50117159    
         522   2.49035764       2.50283933    
         523   2.49274206       2.50449324    
         524   2.49512410       2.50728011    
         525   2.49750376       2.50779605    
         526   2.49988127       2.50870156    
         527   2.50225616       2.51143956    
         528   2.50462914       2.51519752    
         529   2.50699997       2.51599765    
         530   2.50936842       2.51946330    
         531   2.51173472       2.52109075    
         532   2.51409841       2.52447867    
         533   2.51646018       2.52538466    
         534   2.51882005       2.52585340    
         535   2.52117729       2.52598357    
         536   2.52353239       2.53076243    
         537   2.52588534       2.53362370    
         538   2.52823591       2.53548312    
         539   2.53058457       2.54584384    
         540   2.53293109       2.54823685    
         541   2.53527522       2.54917455    
         542   2.53761721       2.55447769    
         543   2.53995728       2.55634284    
         544   2.54229498       2.55993462    
         545   2.54463053       2.55999589    
         546   2.54696393       2.56201339    
         547   2.54929543       2.56527567    
         548   2.55162454       2.56879354    
         549   2.55395174       2.56930780    
         550   2.55627632       2.57027435    
         551   2.55859923       2.57099891    
         552   2.56092000       2.57258248    
         553   2.56323862       2.57435584    
         554   2.56555533       2.57754827    
         555   2.56786966       2.58003187    
         556   2.57018209       2.58479166    
         557   2.57249236       2.59168243    
         558   2.57480073       2.59417987    
         559   2.57710671       2.59942245    
         560   2.57941079       2.59996915    
         561   2.58171272       2.60872650    
         562   2.58401275       2.60877728    
         563   2.58631063       2.61065936    
         564   2.58860660       2.61306524    
         565   2.59090018       2.61856151    
         566   2.59319210       2.61956978    
         567   2.59548187       2.61970210    
         568   2.59776974       2.62036228    
         569   2.60005569       2.62164712    
         570   2.60233927       2.62316155    
         571   2.60462117       2.62768054    
         572   2.60690069       2.62845778    
         573   2.60917854       2.63546753    
         574   2.61145449       2.63801718    
         575   2.61372828       2.63980079    
         576   2.61599994       2.64223289    
         577   2.61826968       2.64228749    
         578   2.62053752       2.64310503    
         579   2.62280345       2.64756536    
         580   2.62506747       2.65121293    
         581   2.62732959       2.65176749    
         582   2.62958956       2.65283084    
         583   2.63184786       2.65361786    
         584   2.63410401       2.65957284    
         585   2.63635826       2.66465759    
         586   2.63861060       2.66658902    
         587   2.64086103       2.66814280    
         588   2.64310932       2.67333531    
         589   2.64535594       2.67620659    
         590   2.64760065       2.67830324    
         591   2.64984345       2.67986703    
         592   2.65208459       2.68018317    
         593   2.65432334       2.68108225    
         594   2.65656066       2.68127608    
         595   2.65879583       2.68262076    
         596   2.66102910       2.68314481    
         597   2.66326070       2.68354440    
         598   2.66549015       2.68580103    
         599   2.66771770       2.69195294    
         600   2.66994381       2.69246793    
         601   2.67216778       2.69653845    
         602   2.67439008       2.69976449    
         603   2.67661047       2.70035839    
         604   2.67882895       2.70124984    
         605   2.68104553       2.70264125    
         606   2.68326020       2.70286512    
         607   2.68547320       2.70591474    
         608   2.68768430       2.71016049    
         609   2.68989372       2.71506190    
         610   2.69210124       2.71585560    
         611   2.69430709       2.71668243    
         612   2.69651103       2.71966672    
         613   2.69871306       2.72118568    
         614   2.70091367       2.72719908    
         615   2.70311213       2.73923898    
         616   2.70530891       2.74056792    
         617   2.70750380       2.74189949    
         618   2.70969701       2.74239755    
         619   2.71188855       2.74357128    
         620   2.71407795       2.74710870    
         621   2.71626592       2.74886370    
         622   2.71845198       2.76029849    
         623   2.72063661       2.76131892    
         624   2.72281909       2.76439595    
         625   2.72499990       2.76504946    
         626   2.72717905       2.76608634    
         627   2.72935653       2.76843095    
         628   2.73153210       2.76938796    
         629   2.73370600       2.76954246    
         630   2.73587823       2.77073169    
         631   2.73804855       2.77264786    
         632   2.74021745       2.77265263    
         633   2.74238443       2.77564669    
         634   2.74454999       2.77694130    
         635   2.74671340       2.77971983    
         636   2.74887538       2.77998781    
         637   2.75103569       2.78064132    
         638   2.75319409       2.78363109    
         639   2.75535107       2.78633547    
         640   2.75750613       2.78872848    
         641   2.75965953       2.78919291    
         642   2.76181126       2.78986096    
         643   2.76396132       2.79391718    
         644   2.76610994       2.79431415    
         645   2.76825666       2.79498172    
         646   2.77040172       2.79598260    
         647   2.77254534       2.79893255    
         648   2.77468705       2.80083036    
         649   2.77682710       2.80170226    
         650   2.77896571       2.80256867    
         651   2.78110242       2.80478907    
         652   2.78323770       2.80533671    
         653   2.78537130       2.80620670    
         654   2.78750300       2.80719638    
         655   2.78963351       2.80774832    
         656   2.79176211       2.80787539    
         657   2.79388928       2.80989718    
         658   2.79601455       2.81195283    
         659   2.79813838       2.81217289    
         660   2.80026078       2.81436515    
         661   2.80238128       2.81634545    
         662   2.80450034       2.81707644    
         663   2.80661774       2.81782866    
         664   2.80873346       2.81795096    
         665   2.81084776       2.81798315    
         666   2.81296039       2.82090783    
         667   2.81507134       2.82121110    
         668   2.81718063       2.82478571    
         669   2.81928873       2.82823634    
         670   2.82139492       2.82923484    
         671   2.82349968       2.83032179    
         672   2.82560277       2.83207345    
         673   2.82770443       2.83235168    
         674   2.82980442       2.83252788    
         675   2.83190298       2.83306360    
         676   2.83399987       2.83766556    
         677   2.83609533       2.83963418    
         678   2.83818913       2.84498811    
         679   2.84028149       2.84569263    
         680   2.84237218       2.84585905    
         681   2.84446120       2.84824872    
         682   2.84654903       2.84839106    
         683   2.84863520       2.84841824    
         684   2.85071969       2.85000515    
         685   2.85280299       2.85597730    
         686   2.85488439       2.85688567    
         687   2.85696459       2.85730195    
         688   2.85904312       2.85909581    
         689   2.86112022       2.86281347    
         690   2.86319566       2.86545372    
         691   2.86526966       2.86591005    
         692   2.86734223       2.87004781    
         693   2.86941338       2.87236810    
         694   2.87148285       2.87741065    
         695   2.87355089       2.87759399    
         696   2.87561727       2.87771964    
         697   2.87768245       2.87810969    
         698   2.87974596       2.87826991    
         699   2.88180828       2.88008404    
         700   2.88386893       2.88087749    
         701   2.88592792       2.88659859    
         702   2.88798571       2.88686681    
         703   2.89004183       2.88746142    
         704   2.89209676       2.88748360    
         705   2.89415002       2.89295483    
         706   2.89620185       2.89732790    
         707   2.89825225       2.89974356    
         708   2.90030122       2.90018868    
         709   2.90234876       2.90191555    
         710   2.90439487       2.90286636    
         711   2.90643954       2.90698862    
         712   2.90848279       2.90805531    
         713   2.91052461       2.90943480    
         714   2.91256475       2.91138697    
         715   2.91460371       2.91301703    
         716   2.91664124       2.91395545    
         717   2.91867709       2.91535497    
         718   2.92071199       2.92251134    
         719   2.92274499       2.92256594    
         720   2.92477679       2.92723298    
         721   2.92680717       2.92727041    
         722   2.92883635       2.92851901    
         723   2.93086362       2.92962718    
         724   2.93288994       2.93295527    
         725   2.93491459       2.93298531    
         726   2.93693805       2.93308282    
         727   2.93896031       2.93531871    
         728   2.94098091       2.94529700    
         729   2.94299984       2.94640851    
         730   2.94501781       2.94730830    
         731   2.94703436       2.95008159    
         732   2.94904923       2.95115089    
         733   2.95106292       2.95404887    
         734   2.95307517       2.95653510    
         735   2.95508623       2.95861959    
         736   2.95709586       2.95904064    
         737   2.95910382       2.96092129    
         738   2.96111083       2.96425676    
         739   2.96311641       2.96436596    
         740   2.96512055       2.96829510    
         741   2.96712327       2.96945882    
         742   2.96912479       2.96992064    
         743   2.97112489       2.97024989    
         744   2.97312355       2.97081614    
         745   2.97512078       2.97277904    
         746   2.97711682       2.97664571    
         747   2.97911167       2.97843432    
         748   2.98110509       2.97992659    
         749   2.98309708       2.98018265    
         750   2.98508787       2.98073173    
         751   2.98707724       2.98113537    
         752   2.98906541       2.98269486    
         753   2.99105215       2.98306608    
         754   2.99303746       2.98307085    
         755   2.99502158       2.98739266    
         756   2.99700451       2.98762798    
         757   2.99898601       2.98960185    
         758   3.00096607       2.99539709    
         759   3.00294495       2.99900341    
         760   3.00492263       3.00145268    
         761   3.00689888       3.00177050    
         762   3.00887370       3.00178814    
         763   3.01084733       3.00610709    
         764   3.01282001       3.01068544    
         765   3.01479101       3.01181078    
         766   3.01676083       3.01302648    
         767   3.01872921       3.01614642    
         768   3.02069640       3.01680994    
         769   3.02266240       3.01874375    
         770   3.02462721       3.01942754    
         771   3.02659059       3.02056193    
         772   3.02855253       3.02213693    
         773   3.03051353       3.02426672    
         774   3.03247333       3.02499318    
         775   3.03443146       3.03272748    
         776   3.03638864       3.03381324    
         777   3.03834438       3.03457904    
         778   3.04029894       3.03613281    
         779   3.04225230       3.03641057    
         780   3.04420424       3.03970456    
         781   3.04615498       3.04022956    
         782   3.04810452       3.04257393    
         783   3.05005288       3.04296803    
         784   3.05200005       3.04887104    
         785   3.05394578       3.04947972    
         786   3.05589032       3.04957438    
         787   3.05783367       3.05297780    
         788   3.05977559       3.05298710    
         789   3.06171656       3.05345178    
         790   3.06365633       3.05462122    
         791   3.06559467       3.05716467    
         792   3.06753182       3.06152868    
         793   3.06946778       3.06201673    
         794   3.07140255       3.06238627    
         795   3.07333589       3.06322384    
         796   3.07526851       3.07199097    
         797   3.07719946       3.07305264    
         798   3.07912946       3.07468009    
         799   3.08105803       3.07568979    
         800   3.08298540       3.07682586    
         801   3.08491158       3.07731366    
         802   3.08683681       3.07736993    
         803   3.08876085       3.08013821    
         804   3.09068346       3.08318949    
         805   3.09260488       3.08464837    
         806   3.09452510       3.08955932    
         807   3.09644413       3.08982038    
         808   3.09836197       3.09150958    
         809   3.10027862       3.09323263    
         810   3.10219431       3.09337258    
         811   3.10410857       3.10124278    
         812   3.10602164       3.10209680    
         813   3.10793376       3.10253882    
         814   3.10984468       3.10384893    
         815   3.11175418       3.10812473    
         816   3.11366272       3.10872984    
         817   3.11557007       3.11159897    
         818   3.11747599       3.11246991    
         819   3.11938095       3.11309052    
         820   3.12128496       3.11370111    
         821   3.12318754       3.11501360    
         822   3.12508893       3.11515284    
         823   3.12698936       3.11537194    
         824   3.12888861       3.11971974    
         825   3.13078642       3.12216115    
         826   3.13268328       3.12369776    
         827   3.13457918       3.12514424    
         828   3.13647389       3.12739086    
         829   3.13836718       3.12767577    
         830   3.14025950       3.12792611    
         831   3.14215064       3.12792778    
         832   3.14404058       3.12804294    
         833   3.14592957       3.13358545    
         834   3.14781737       3.13388562    
         835   3.14970374       3.13629270    
         836   3.15158939       3.13955593    
         837   3.15347362       3.14155364    
         838   3.15535688       3.14282513    
         839   3.15723896       3.14514661    
         840   3.15912008       3.14666939    
         841   3.16100001       3.14676428    
         842   3.16287875       3.14714980    
         843   3.16475630       3.14793706    
         844   3.16663289       3.14956427    
         845   3.16850829       3.14979529    
         846   3.17038250       3.15157247    
         847   3.17225575       3.15461659    
         848   3.17412782       3.15554929    
         849   3.17599869       3.15616155    
         850   3.17786884       3.16411114    
         851   3.17973733       3.16497588    
         852   3.18160510       3.16653895    
         853   3.18347168       3.16714263    
         854   3.18533731       3.17115355    
         855   3.18720174       3.17205358    
         856   3.18906498       3.17225671    
         857   3.19092727       3.17550540    
         858   3.19278836       3.17722797    
         859   3.19464850       3.17854285    
         860   3.19650745       3.17893314    
         861   3.19836545       3.17998338    
         862   3.20022202       3.18065858    
         863   3.20207787       3.18098593    
         864   3.20393252       3.18120933    
         865   3.20578623       3.18472314    
         866   3.20763850       3.18556905    
         867   3.20949006       3.18601823    
         868   3.21134043       3.18716645    
         869   3.21318984       3.18922544    
         870   3.21503806       3.19121766    
         871   3.21688509       3.19141483    
         872   3.21873140       3.19145727    
         873   3.22057652       3.19308615    
         874   3.22242045       3.19395447    
         875   3.22426343       3.19700742    
         876   3.22610545       3.19945073    
         877   3.22794604       3.20443511    
         878   3.22978616       3.20590544    
         879   3.23162484       3.21298385    
         880   3.23346233       3.21358752    
         881   3.23529911       3.21362305    
         882   3.23713470       3.21564531    
         883   3.23896956       3.21667624    
         884   3.24080300       3.22124481    
         885   3.24263525       3.22131062    
         886   3.24446702       3.22293401    
         887   3.24629736       3.22564340    
         888   3.24812698       3.22621346    
         889   3.24995518       3.22692585    
         890   3.25178266       3.22835350    
         891   3.25360870       3.23023963    
         892   3.25543427       3.23047996    
         893   3.25725842       3.23298955    
         894   3.25908184       3.23345876    
         895   3.26090384       3.24065328    
         896   3.26272535       3.24247932    
         897   3.26454544       3.24257565    
         898   3.26636457       3.24429035    
         899   3.26818275       3.25167751    
         900   3.26999998       3.25218415    
         901   3.27181625       3.25275350    
         902   3.27363133       3.25445914    
         903   3.27544546       3.25852227    
         904   3.27725863       3.26067734    
         905   3.27907062       3.26155567    
         906   3.28088188       3.26238537    
         907   3.28269196       3.26309276    
         908   3.28450108       3.26316643    
         909   3.28630924       3.26322460    
         910   3.28811646       3.26572585    
         911   3.28992271       3.26602030    
         912   3.29172754       3.26675463    
         913   3.29353189       3.26795650    
         914   3.29533505       3.26920509    
         915   3.29713726       3.27149963    
         916   3.29893851       3.27177882    
         917   3.30073881       3.27263021    
         918   3.30253816       3.27498960    
         919   3.30433631       3.27857065    
         920   3.30613351       3.28128219    
         921   3.30792999       3.28173232    
         922   3.30972528       3.28285050    
         923   3.31151962       3.28476453    
         924   3.31331301       3.29025793    
         925   3.31510544       3.29182839    
         926   3.31689692       3.29185271    
         927   3.31868744       3.29376531    
         928   3.32047701       3.29389429    
         929   3.32226562       3.29449821    
         930   3.32405305       3.29449844    
         931   3.32583976       3.29662323    
         932   3.32762551       3.29758930    
         933   3.32941008       3.29812288    
         934   3.33119392       3.30729389    
         935   3.33297682       3.30894256    
         936   3.33475852       3.31619430    
         937   3.33653975       3.32072496    
         938   3.33831954       3.32259297    
         939   3.34009862       3.32983994    
         940   3.34187675       3.33472681    
         941   3.34365392       3.33586287    
         942   3.34542990       3.33729959    
         943   3.34720516       3.34073353    
         944   3.34897947       3.34116578    
         945   3.35075283       3.34266067    
         946   3.35252523       3.34280491    
         947   3.35429668       3.34323573    
         948   3.35606718       3.34558582    
         949   3.35783696       3.35067034    
         950   3.35960555       3.35129786    
         951   3.36137319       3.35362983    
         952   3.36314011       3.35666347    
         953   3.36490607       3.35682464    
         954   3.36667109       3.35835171    
         955   3.36843491       3.35945630    
         956   3.37019825       3.36399889    
         957   3.37196040       3.36783290    
         958   3.37372160       3.36827207    
         959   3.37548208       3.36969233    
         960   3.37724137       3.37024474    
         961   3.37899995       3.37396193    
         962   3.38075757       3.37525749    
         963   3.38251424       3.37585926    
         964   3.38426995       3.37712121    
         965   3.38602495       3.37814188    
         966   3.38777876       3.37888288    
         967   3.38953209       3.38049936    
         968   3.39128399       3.38203549    
         969   3.39303541       3.38209796    
         970   3.39478564       3.38458610    
         971   3.39653516       3.38473344    
         972   3.39828348       3.38715911    
         973   3.40003109       3.38806129    
         974   3.40177798       3.39213610    
         975   3.40352392       3.39531565    
         976   3.40526891       3.39635110    
         977   3.40701294       3.39906526    
         978   3.40875602       3.40071154    
         979   3.41049814       3.40368629    
         980   3.41223979       3.40377808    
         981   3.41398001       3.40589094    
         982   3.41571975       3.40881324    
         983   3.41745853       3.40946841    
         984   3.41919637       3.41174841    
         985   3.42093325       3.41527104    
         986   3.42266941       3.41735625    
         987   3.42440438       3.41821337    
         988   3.42613888       3.41855979    
         989   3.42787218       3.41890550    
         990   3.42960501       3.41952610    
         991   3.43133640       3.42027211    
         992   3.43306732       3.42040682    
         993   3.43479729       3.42154002    
         994   3.43652630       3.42197919    
         995   3.43825459       3.42732906    
         996   3.43998194       3.42914629    
         997   3.44170833       3.42956257    
         998   3.44343400       3.42993522    
         999   3.44515872       3.43107343    
        1000   3.44688249       3.43248057    
